[
    1,
    0,
    0,
    [
        [
            "cc.Skeleton",
            [
                "_name",
                "_hash",
                "_joints",
                "_bindposes"
            ],
            0,
            12
        ]
    ],
    [
        [
            0,
            0,
            1,
            2,
            3,
            4
        ]
    ],
    [
        [
            0,
            "Skin-2",
            3637680442,
            [
                "Root_M",
                "Root_M/Spine1_M",
                "Root_M/Spine1_M/Spine2_M",
                "Root_M/Spine1_M/Spine2_M/Chest_M",
                "Root_M/Spine1_M/Spine2_M/Chest_M/Neck_M",
                "Root_M/Spine1_M/Spine2_M/Chest_M/Neck_M/Head_M",
                "Root_M/Spine1_M/Spine2_M/Chest_M/Neck_M/Head_M/HeadEnd_M",
                "Root_M/Spine1_M/Spine2_M/Chest_M/Scapula_R",
                "Root_M/Spine1_M/Spine2_M/Chest_M/Scapula_R/Shoulder_R",
                "Root_M/Spine1_M/Spine2_M/Chest_M/Scapula_R/Shoulder_R/Elbow_R",
                "Root_M/Spine1_M/Spine2_M/Chest_M/Scapula_R/Shoulder_R/Elbow_R/Wrist_R",
                "Root_M/Spine1_M/Spine2_M/Chest_M/Scapula_L",
                "Root_M/Spine1_M/Spine2_M/Chest_M/Scapula_L/Shoulder_L",
                "Root_M/Spine1_M/Spine2_M/Chest_M/Scapula_L/Shoulder_L/Elbow_L",
                "Root_M/Spine1_M/Spine2_M/Chest_M/Scapula_L/Shoulder_L/Elbow_L/Wrist_L",
                "Root_M/Spine1_M/Belly1_M",
                "Root_M/buttock_L",
                "Root_M/joint1_R",
                "Root_M/joint2_L",
                "Root_M/Hip_R",
                "Root_M/Hip_R/Knee_R",
                "Root_M/Hip_R/Knee_R/Ankle_R",
                "Root_M/Hip_R/Knee_R/Ankle_R/Toes_R",
                "Root_M/Hip_R/Knee_R/Ankle_R/Toes_R/ToesEnd_R",
                "Root_M/Hip_L",
                "Root_M/Hip_L/Knee_L",
                "Root_M/Hip_L/Knee_L/Ankle_L",
                "Root_M/Hip_L/Knee_L/Ankle_L/Toes_L",
                "Root_M/Hip_L/Knee_L/Ankle_L/Toes_L/ToesEnd_L"
            ],
            [
                [
                    [
                        7,
                        2.8306835245613853e-16,
                        -2.724075957819959e-16,
                        1,
                        0,
                        0.9992635846138,
                        0.0383700430393219,
                        -2.724075957819959e-16,
                        0,
                        -0.0383700430393219,
                        0.9992635846138,
                        2.8306835245613853e-16,
                        0,
                        -0.12750771641731262,
                        -0.0025957876350730658,
                        3.2829210325453567e-17,
                        1
                    ],
                    [
                        7,
                        2.832143068208623e-16,
                        -2.77319513373344e-16,
                        1,
                        0,
                        0.9997788071632385,
                        0.021030396223068237,
                        -2.77319513373344e-16,
                        0,
                        -0.021030396223068237,
                        0.9997788071632385,
                        2.832143068208623e-16,
                        0,
                        -0.17477837204933167,
                        0.00043609683052636683,
                        3.929222060551414e-17,
                        1
                    ],
                    [
                        7,
                        2.8326849045970696e-16,
                        -2.8108735415074753e-16,
                        1,
                        0,
                        0.9999701380729675,
                        0.007729516830295324,
                        -2.8108735415074753e-16,
                        0,
                        -0.007729516830295324,
                        0.9999701380729675,
                        2.8326849045970696e-16,
                        0,
                        -0.22773650288581848,
                        0.0034657453652471304,
                        3.5683665035586256e-17,
                        1
                    ],
                    [
                        7,
                        2.827994194953853e-16,
                        -2.997180026442835e-16,
                        1,
                        0,
                        0.9983143210411072,
                        -0.058038849383592606,
                        -2.997180026442835e-16,
                        0,
                        0.058038849383592606,
                        0.9983143210411072,
                        2.827994194953853e-16,
                        0,
                        -0.2802310287952423,
                        0.02193942479789257,
                        9.734971996670213e-18,
                        1
                    ],
                    [
                        7,
                        2.826187103100445e-16,
                        -3.0257705647862196e-16,
                        1,
                        0,
                        0.9976763129234314,
                        -0.06813164800405502,
                        -3.0257705647862196e-16,
                        0,
                        0.06813164800405502,
                        0.9976763129234314,
                        2.826187103100445e-16,
                        0,
                        -0.3299466669559479,
                        0.025277405977249146,
                        -2.844111974625571e-17,
                        1
                    ],
                    [
                        7,
                        2.83266161119102e-16,
                        -2.857478617754387e-16,
                        1,
                        0,
                        0.9999619722366333,
                        -0.008722576312720776,
                        -2.857478617754387e-16,
                        0,
                        0.008722576312720776,
                        0.9999619722366333,
                        2.83266161119102e-16,
                        0,
                        -0.39951708912849426,
                        0.0015381244011223316,
                        -1.1187290883001618e-16,
                        1
                    ],
                    [
                        7,
                        2.83266161119102e-16,
                        -2.857478617754387e-16,
                        1,
                        0,
                        0.9999619722366333,
                        -0.008722576312720776,
                        -2.857478617754387e-16,
                        0,
                        0.008722576312720776,
                        0.9999619722366333,
                        2.83266161119102e-16,
                        0,
                        -0.5205498933792114,
                        0.0015381244011223316,
                        -6.955730007222888e-17,
                        1
                    ],
                    [
                        7,
                        -1,
                        -0.00018212287977803499,
                        -0.00011399816867196932,
                        0,
                        -0.00010398840822745115,
                        -0.054046712815761566,
                        0.9985383749008179,
                        0,
                        -0.0001880179188447073,
                        0.9985383749008179,
                        0.054046694189310074,
                        0,
                        -0.037061236798763275,
                        0.008283362723886967,
                        -0.29953354597091675,
                        1
                    ],
                    [
                        7,
                        -0.9998190999031067,
                        -0.019020864740014076,
                        0.0000025862748316285433,
                        0,
                        0.0010306998156011105,
                        -0.0540422759950161,
                        0.9985381364822388,
                        0,
                        -0.018992917612195015,
                        0.9983574748039246,
                        0.05405210703611374,
                        0,
                        -0.061684053391218185,
                        0.007124192081391811,
                        -0.2995263338088989,
                        1
                    ],
                    [
                        7,
                        -0.9997711181640625,
                        0.021395554766058922,
                        0.0000025862748316285433,
                        0,
                        -0.0011538928374648094,
                        -0.054039787501096725,
                        0.9985381364822388,
                        0,
                        0.021364416927099228,
                        0.9983095526695251,
                        0.05405210703611374,
                        0,
                        -0.15465408563613892,
                        0.01338441576808691,
                        -0.2995263338088989,
                        1
                    ],
                    [
                        7,
                        -0.9997711181640625,
                        0.021395554766058922,
                        0.0000025862748316285433,
                        0,
                        -0.0011538928374648094,
                        -0.054039787501096725,
                        0.9985381364822388,
                        0,
                        0.021364416927099228,
                        0.9983095526695251,
                        0.05405210703611374,
                        0,
                        -0.2362636774778366,
                        0.01338441576808691,
                        -0.2995263338088989,
                        1
                    ],
                    [
                        7,
                        -1,
                        -0.00018214024021290243,
                        -0.00011400903895264491,
                        0,
                        0.00010399832535767928,
                        0.05404670909047127,
                        -0.9985383749008179,
                        0,
                        0.00018803584680426866,
                        -0.9985383749008179,
                        -0.054046690464019775,
                        0,
                        0.03706123307347298,
                        -0.008283360861241817,
                        0.29953354597091675,
                        1
                    ],
                    [
                        7,
                        -0.9998190999031067,
                        -0.01902088150382042,
                        0.000002575403414084576,
                        0,
                        -0.0010306898038834333,
                        0.0540422759950161,
                        -0.9985381364822388,
                        0,
                        0.018992936238646507,
                        -0.9983574748039246,
                        -0.05405210331082344,
                        0,
                        0.061684053391218185,
                        -0.0071241906844079494,
                        0.2995263338088989,
                        1
                    ],
                    [
                        7,
                        -0.9997711181640625,
                        0.02139553800225258,
                        0.000002575403414084576,
                        0,
                        0.0011539027327671647,
                        0.05403978377580643,
                        -0.9985381364822388,
                        0,
                        -0.021364398300647736,
                        -0.9983095526695251,
                        -0.05405210331082344,
                        0,
                        0.15465408563613892,
                        -0.013384414836764336,
                        0.2995263338088989,
                        1
                    ],
                    [
                        7,
                        -0.9997711181640625,
                        0.02139553800225258,
                        0.000002575403414084576,
                        0,
                        0.0011539027327671647,
                        0.05403978377580643,
                        -0.9985381364822388,
                        0,
                        -0.021364398300647736,
                        -0.9983095526695251,
                        -0.05405210331082344,
                        0,
                        0.2362636774778366,
                        -0.013384414836764336,
                        0.2995263338088989,
                        1
                    ],
                    [
                        7,
                        1,
                        -1.7307391537612923e-18,
                        -9.192672734137375e-10,
                        0,
                        1.4516892364491303e-17,
                        1,
                        1.3909070339934715e-8,
                        0,
                        9.192672734137375e-10,
                        -1.3909069451756295e-8,
                        1,
                        0,
                        -6.471603808400062e-11,
                        -0.18404220044612885,
                        -0.07039958238601685,
                        1
                    ],
                    [
                        7,
                        1,
                        -5.348829891036063e-16,
                        -1.6772100375206378e-9,
                        0,
                        5.335503945193385e-16,
                        1,
                        -7.945151203614387e-10,
                        0,
                        1.6772100375206378e-9,
                        7.945151203614387e-10,
                        1,
                        0,
                        -0.00032889118301682174,
                        -0.15005150437355042,
                        0.06304768472909927,
                        1
                    ],
                    [
                        7,
                        1,
                        -5.348829891036063e-16,
                        -1.6772100375206378e-9,
                        0,
                        5.335503945193385e-16,
                        1,
                        -7.945151203614387e-10,
                        0,
                        1.6772100375206378e-9,
                        7.945151203614387e-10,
                        1,
                        0,
                        0.09136062115430832,
                        -0.15880857408046722,
                        -0.009214391931891441,
                        1
                    ],
                    [
                        7,
                        1,
                        7.171327156172097e-16,
                        1.6772084832084033e-9,
                        0,
                        7.000524021149451e-16,
                        -1,
                        1.0183775600580702e-8,
                        0,
                        1.6772084832084033e-9,
                        -1.0183775600580702e-8,
                        -1,
                        0,
                        -0.09136059880256653,
                        0.15880900621414185,
                        0.009214388206601143,
                        1
                    ],
                    [
                        7,
                        -0.04012142866849899,
                        0.0064054131507873535,
                        -0.9991742968559265,
                        0,
                        -0.930670440196991,
                        0.3636980354785919,
                        0.03970224782824516,
                        0,
                        0.3636520504951477,
                        0.9314948916435242,
                        -0.008630757220089436,
                        0,
                        0.10476471483707428,
                        -0.03824291750788689,
                        -0.06004457175731659,
                        1
                    ],
                    [
                        7,
                        -0.033584825694561005,
                        -0.022865213453769684,
                        -0.9991742968559265,
                        0,
                        -0.9266262650489807,
                        -0.37388163805007935,
                        0.03970224782824516,
                        0,
                        -0.3744807243347168,
                        0.9271945357322693,
                        -0.008630757220089436,
                        0,
                        0.06592055410146713,
                        0.00959679577499628,
                        -0.06004457175731659,
                        1
                    ],
                    [
                        7,
                        3.3672215238311765e-8,
                        0.007054429035633802,
                        -0.9999751448631287,
                        0,
                        -1,
                        -3.309362739400967e-8,
                        -3.390651670542866e-8,
                        0,
                        -3.3331993165575113e-8,
                        0.9999751448631287,
                        0.007054429035633802,
                        0,
                        0.027068354189395905,
                        0.0013068392872810364,
                        -0.059003185480833054,
                        1
                    ],
                    [
                        7,
                        0.0000012926873296237318,
                        1.7518367201319052e-7,
                        -1,
                        0,
                        -0.1345013678073883,
                        0.9909133911132812,
                        -2.7635382870982994e-10,
                        0,
                        0.9909133911132812,
                        0.1345013678073883,
                        0.0000013045035984760034,
                        0,
                        -0.028417933732271194,
                        -0.00626268470659852,
                        -0.058800093829631805,
                        1
                    ],
                    [
                        7,
                        -0.0000012920086192025337,
                        -1.7564914855938696e-7,
                        -1,
                        0,
                        -0.1345013678073883,
                        0.9909133911132812,
                        -2.7617749753794385e-10,
                        0,
                        0.9909133911132812,
                        0.1345013678073883,
                        -0.000001303893668591627,
                        0,
                        -0.03655139356851578,
                        -0.006262705661356449,
                        -0.058800019323825836,
                        1
                    ],
                    [
                        7,
                        -0.04012142866849899,
                        0.0064054131507873535,
                        -0.9991742968559265,
                        0,
                        0.930670440196991,
                        -0.3636980652809143,
                        -0.03970224782824516,
                        0,
                        -0.3636520504951477,
                        -0.9314948916435242,
                        0.008630757220089436,
                        0,
                        -0.10476471483707428,
                        0.03824291750788689,
                        0.06004457175731659,
                        1
                    ],
                    [
                        7,
                        -0.033584825694561005,
                        -0.022865213453769684,
                        -0.9991742968559265,
                        0,
                        0.9266262650489807,
                        0.37388163805007935,
                        -0.03970224782824516,
                        0,
                        0.3744807243347168,
                        -0.9271945357322693,
                        0.008630757220089436,
                        0,
                        -0.06592055410146713,
                        -0.00959679577499628,
                        0.06004457175731659,
                        1
                    ],
                    [
                        7,
                        3.287529537487899e-8,
                        0.007054429035633802,
                        -0.9999751448631287,
                        0,
                        1,
                        3.230477574334145e-8,
                        3.310400842337913e-8,
                        0,
                        3.253749980558496e-8,
                        -0.9999751448631287,
                        -0.007054429035633802,
                        0,
                        -0.027068352326750755,
                        -0.0013068391708657146,
                        0.059003185480833054,
                        1
                    ],
                    [
                        7,
                        -0.0000012908774351672037,
                        -1.7609561098197446e-7,
                        -1,
                        0,
                        0.1345013529062271,
                        -0.9909133911132812,
                        8.707315979350483e-10,
                        0,
                        -0.9909133911132812,
                        -0.1345013529062271,
                        0.0000013028328567088465,
                        0,
                        0.02841808646917343,
                        0.006262705661356449,
                        0.058800019323825836,
                        1
                    ],
                    [
                        7,
                        -0.0000012908774351672037,
                        -1.7609561098197446e-7,
                        -1,
                        0,
                        0.1345013529062271,
                        -0.9909133911132812,
                        8.707315979350483e-10,
                        0,
                        -0.9909133911132812,
                        -0.1345013529062271,
                        0.0000013028328567088465,
                        0,
                        0.03655139356851578,
                        0.006262705661356449,
                        0.058800019323825836,
                        1
                    ]
                ],
                8,
                8,
                8,
                8,
                8,
                8,
                8,
                8,
                8,
                8,
                8,
                8,
                8,
                8,
                8,
                8,
                8,
                8,
                8,
                8,
                8,
                8,
                8,
                8,
                8,
                8,
                8,
                8,
                8
            ]
        ]
    ],
    0,
    0,
    [],
    [],
    []
]
