[
    1,
    0,
    0,
    [
        [
            "cc.Skeleton",
            [
                "_name",
                "_hash",
                "_joints",
                "_bindposes"
            ],
            0,
            12
        ]
    ],
    [
        [
            0,
            0,
            1,
            2,
            3,
            4
        ]
    ],
    [
        [
            0,
            "Skin-1",
            3830142098,
            [
                "Root_M/RootPart1_M/RootPart2_M",
                "Root_M/RootPart1_M/RootPart2_M/Spine2_M",
                "Root_M/RootPart1_M/RootPart2_M/Spine2_M/Chest_M",
                "Root_M/RootPart1_M/RootPart2_M/Spine2_M/Chest_M/Neck_M",
                "Root_M/RootPart1_M/RootPart2_M/Spine2_M/Chest_M/Neck_M/NeckPart1_M",
                "Root_M/RootPart1_M/RootPart2_M/Spine2_M/Chest_M/Neck_M/NeckPart1_M/Head_M",
                "Root_M/RootPart1_M/RootPart2_M/Spine2_M/Chest_M/Neck_M/NeckPart1_M/Head_M/Jaw_M",
                "Root_M/RootPart1_M/RootPart2_M/Spine2_M/Chest_M/Scapula_R",
                "Root_M/RootPart1_M/RootPart2_M/Spine2_M/Chest_M/Scapula_R/Shoulder_R",
                "Root_M/RootPart1_M/RootPart2_M/Spine2_M/Chest_M/Scapula_L",
                "Root_M/RootPart1_M/RootPart2_M/Spine2_M/Chest_M/Scapula_L/Shoulder_L"
            ],
            [
                [
                    [
                        7,
                        -1.4622564492583479e-8,
                        9.991857466201334e-14,
                        1,
                        0,
                        -0.334526002407074,
                        -0.9423869848251343,
                        -4.891529403749928e-9,
                        0,
                        0.9423869848251343,
                        -0.334526002407074,
                        1.3780135255103687e-8,
                        0,
                        0.005665639881044626,
                        0.012238300405442715,
                        1.4324269548282587e-10,
                        1
                    ],
                    [
                        7,
                        -1.4058525898974494e-8,
                        -4.020859645237351e-9,
                        1,
                        0,
                        -0.06241219863295555,
                        -0.9980499744415283,
                        -4.890447158345523e-9,
                        0,
                        0.9980499744415283,
                        -0.06241219863295555,
                        1.3780174334954154e-8,
                        0,
                        0.00009530929673928767,
                        0.012756559997797012,
                        1.432288870839571e-10,
                        1
                    ],
                    [
                        7,
                        -1.3905882667586411e-8,
                        -4.521021779169132e-9,
                        1,
                        0,
                        -0.02671949937939644,
                        -0.9996430277824402,
                        -4.890965854542628e-9,
                        0,
                        0.9996430277824402,
                        -0.02671949937939644,
                        1.3780117491535293e-8,
                        0,
                        -0.005804460030049086,
                        0.012557229958474636,
                        1.432356594444073e-10,
                        1
                    ],
                    [
                        7,
                        2.6738802283432506e-9,
                        -1.4375999946025786e-8,
                        1,
                        0,
                        0.987667977809906,
                        -0.1565610021352768,
                        -4.891629767911354e-9,
                        0,
                        0.1565610021352768,
                        0.987667977809906,
                        1.378009795161006e-8,
                        0,
                        -0.016659319400787354,
                        -0.006594500038772821,
                        1.432440138726676e-10,
                        1
                    ],
                    [
                        7,
                        2.6738802283432506e-9,
                        -1.4375999946025786e-8,
                        1,
                        0,
                        0.987667977809906,
                        -0.1565610021352768,
                        -4.891629767911354e-9,
                        0,
                        0.1565610021352768,
                        0.987667977809906,
                        1.378009795161006e-8,
                        0,
                        -0.02249862067401409,
                        -0.006594500038772821,
                        1.1426301571582087e-10,
                        1
                    ],
                    [
                        7,
                        4.3289900553133975e-9,
                        -1.3967099476985823e-8,
                        1,
                        0,
                        0.9991779923439026,
                        -0.04053809866309166,
                        -4.891631100178984e-9,
                        0,
                        0.04053809866309166,
                        0.9991779923439026,
                        1.378012903785475e-8,
                        0,
                        -0.027377750724554062,
                        -0.009848039597272873,
                        4.0910809462335607e-11,
                        1
                    ],
                    [
                        7,
                        -1.4613597443258186e-8,
                        -5.118049317687223e-10,
                        1,
                        0,
                        -0.30133599042892456,
                        -0.9535179734230042,
                        -4.891618665681108e-9,
                        0,
                        0.9535179734230042,
                        -0.30133599042892456,
                        1.3780104168858998e-8,
                        0,
                        -0.005687799770385027,
                        0.022578949108719826,
                        4.0910826809570366e-11,
                        1
                    ],
                    [
                        7,
                        -0.5131128430366516,
                        -3.031340156667284e-8,
                        -0.8583210110664368,
                        0,
                        -0.8443281054496765,
                        0.17983601987361908,
                        0.5047469735145569,
                        0,
                        0.15435706079006195,
                        0.9836969971656799,
                        -0.09227608889341354,
                        0,
                        0.00894182175397873,
                        -0.009505600668489933,
                        -0.009528659284114838,
                        1
                    ],
                    [
                        7,
                        7.749635599907378e-9,
                        -1.1038293834531032e-8,
                        -1,
                        0,
                        -0.929023027420044,
                        -0.3700230121612549,
                        -3.11516501483311e-9,
                        0,
                        -0.3700230121612549,
                        0.929023027420044,
                        -1.312236275197165e-8,
                        0,
                        0.013529599644243717,
                        -0.002738649956882,
                        -0.005117619875818491,
                        1
                    ],
                    [
                        7,
                        -0.5131128430366516,
                        -1.3161886691648306e-8,
                        -0.8583210110664368,
                        0,
                        0.8443281054496765,
                        -0.17983601987361908,
                        -0.5047469735145569,
                        0,
                        -0.15435707569122314,
                        -0.9836969971656799,
                        0.09227607399225235,
                        0,
                        -0.00894182175397873,
                        0.009505600668489933,
                        0.009528658352792263,
                        1
                    ],
                    [
                        7,
                        5.493474564133294e-9,
                        4.893671601280403e-8,
                        -1,
                        0,
                        0.9061650037765503,
                        0.4229229986667633,
                        2.567448653678639e-8,
                        0,
                        0.4229229986667633,
                        -0.9061650037765503,
                        -4.2021468971142895e-8,
                        0,
                        -0.013664890080690384,
                        0.0019547499250620604,
                        0.005117619875818491,
                        1
                    ]
                ],
                8,
                8,
                8,
                8,
                8,
                8,
                8,
                8,
                8,
                8,
                8
            ]
        ]
    ],
    0,
    0,
    [],
    [],
    []
]
