[
    1,
    0,
    0,
    [
        [
            "cc.Skeleton",
            [
                "_name",
                "_hash",
                "_joints",
                "_bindposes"
            ],
            0,
            12
        ]
    ],
    [
        [
            0,
            0,
            1,
            2,
            3,
            4
        ]
    ],
    [
        [
            0,
            "Skin-4",
            459418556,
            [
                "Root_M/Spine1_M/Spine2_M/Chest_M/Scapula_L",
                "Root_M/Spine1_M/Spine2_M/Chest_M/Scapula_L/Shoulder_L/ShoulderPart1_L/Elbow_L/ElbowPart1_L/Wrist_L/ThumbFinger1_L",
                "Root_M/Spine1_M/Spine2_M/Chest_M/Scapula_L/Shoulder_L/ShoulderPart1_L/Elbow_L/ElbowPart1_L/Wrist_L/IndexFinger1_L/IndexFinger2_L",
                "Root_M/Spine1_M/Spine2_M/Chest_M/Scapula_L/Shoulder_L/ShoulderPart1_L/Elbow_L/ElbowPart1_L/Wrist_L/IndexFinger1_L/IndexFinger2_L/IndexFinger3_L",
                "Root_M/Spine1_M/Spine2_M/Chest_M/Scapula_L/Shoulder_L/ShoulderPart1_L/Elbow_L/ElbowPart1_L/Wrist_L/IndexFinger1_L",
                "Root_M/Spine1_M/Spine2_M/Chest_M/Scapula_L/Shoulder_L/ShoulderPart1_L/Elbow_L/ElbowPart1_L/Wrist_L/RingFinger1_L/RingFinger2_L/RingFinger3_L",
                "Root_M/Spine1_M/Spine2_M/Chest_M/Scapula_L/Shoulder_L/ShoulderPart1_L/Elbow_L/ElbowPart1_L/Wrist_L/RingFinger1_L/RingFinger2_L",
                "Root_M/Spine1_M/Spine2_M/Chest_M/Scapula_L/Shoulder_L/ShoulderPart1_L/Elbow_L/ElbowPart1_L/Wrist_L/RingFinger1_L",
                "Root_M/Spine1_M/Spine2_M/Chest_M/Scapula_L/Shoulder_L/ShoulderPart1_L/Elbow_L/ElbowPart1_L/Wrist_L/PinkyFinger1_L/PinkyFinger2_L",
                "Root_M/Spine1_M/Spine2_M/Chest_M/Scapula_L/Shoulder_L/ShoulderPart1_L/Elbow_L/ElbowPart1_L/Wrist_L/PinkyFinger1_L/PinkyFinger2_L/PinkyFinger3_L",
                "Root_M/Spine1_M/Spine2_M/Chest_M/Scapula_L/Shoulder_L/ShoulderPart1_L/Elbow_L/ElbowPart1_L/Wrist_L/PinkyFinger1_L",
                "Root_M/Spine1_M/Spine2_M/Chest_M/Scapula_L/Shoulder_L/ShoulderPart1_L/Elbow_L/ElbowPart1_L/Wrist_L",
                "Root_M/Spine1_M/Spine2_M/Chest_M/Scapula_L/Shoulder_L/ShoulderPart1_L/Elbow_L",
                "Root_M/Spine1_M/Spine2_M/Chest_M/Neck_M/Head_M",
                "Root_M/Spine1_M/Spine2_M/Chest_M/Neck_M",
                "Root_M/Spine1_M/Spine2_M/Chest_M/Scapula_R/Shoulder_R/ShoulderPart1_R/Elbow_R/ElbowPart1_R/Wrist_R/MiddleFinger1_R/MiddleFinger2_R",
                "Root_M/Spine1_M/Spine2_M/Chest_M/Scapula_R/Shoulder_R/ShoulderPart1_R/Elbow_R/ElbowPart1_R/Wrist_R/MiddleFinger1_R/MiddleFinger2_R/MiddleFinger3_R",
                "Root_M/Spine1_M/Spine2_M/Chest_M/Scapula_R/Shoulder_R/ShoulderPart1_R/Elbow_R/ElbowPart1_R/Wrist_R/MiddleFinger1_R",
                "Root_M/Spine1_M/Spine2_M/Chest_M/Scapula_R/Shoulder_R/ShoulderPart1_R/Elbow_R/ElbowPart1_R/Wrist_R/IndexFinger1_R/IndexFinger2_R/IndexFinger3_R",
                "Root_M/Spine1_M/Spine2_M/Chest_M/Scapula_R/Shoulder_R/ShoulderPart1_R/Elbow_R/ElbowPart1_R/Wrist_R/ThumbFinger1_R/ThumbFinger2_R/ThumbFinger3_R",
                "Root_M/Spine1_M/Spine2_M/Chest_M/Scapula_R/Shoulder_R/ShoulderPart1_R/Elbow_R/ElbowPart1_R/Wrist_R/ThumbFinger1_R/ThumbFinger2_R",
                "Root_M/Spine1_M/Spine2_M/Chest_M/Scapula_R/Shoulder_R/ShoulderPart1_R/Elbow_R/ElbowPart1_R/Wrist_R/ThumbFinger1_R",
                "Root_M/Spine1_M/Spine2_M/Chest_M/Scapula_R/Shoulder_R/ShoulderPart1_R/Elbow_R/ElbowPart1_R/Wrist_R/IndexFinger1_R/IndexFinger2_R",
                "Root_M/Spine1_M/Spine2_M/Chest_M/Scapula_R/Shoulder_R/ShoulderPart1_R/Elbow_R/ElbowPart1_R/Wrist_R/IndexFinger1_R",
                "Root_M/Spine1_M/Spine2_M/Chest_M/Scapula_R/Shoulder_R/ShoulderPart1_R/Elbow_R/ElbowPart1_R/Wrist_R/RingFinger1_R/RingFinger2_R",
                "Root_M/Spine1_M/Spine2_M/Chest_M/Scapula_R/Shoulder_R/ShoulderPart1_R/Elbow_R/ElbowPart1_R/Wrist_R/RingFinger1_R/RingFinger2_R/RingFinger3_R",
                "Root_M/Spine1_M/Spine2_M/Chest_M/Scapula_R/Shoulder_R/ShoulderPart1_R/Elbow_R/ElbowPart1_R/Wrist_R/PinkyFinger1_R/PinkyFinger2_R",
                "Root_M/Spine1_M/Spine2_M/Chest_M/Scapula_R/Shoulder_R/ShoulderPart1_R/Elbow_R/ElbowPart1_R/Wrist_R/RingFinger1_R",
                "Root_M/Spine1_M/Spine2_M/Chest_M/Scapula_R/Shoulder_R/ShoulderPart1_R",
                "Root_M/Spine1_M/Spine2_M/Chest_M/Scapula_R/Shoulder_R/ShoulderPart1_R/Elbow_R/ElbowPart1_R/Wrist_R/PinkyFinger1_R",
                "Root_M/Spine1_M/Spine2_M/Chest_M/Scapula_R/Shoulder_R/ShoulderPart1_R/Elbow_R/ElbowPart1_R",
                "Root_M/Spine1_M/Spine2_M/Chest_M/Scapula_R/Shoulder_R/ShoulderPart1_R/Elbow_R",
                "Root_M/Spine1_M/Spine2_M/Chest_M/Scapula_R/Shoulder_R/ShoulderPart1_R/Elbow_R/ElbowPart1_R/Wrist_R/PinkyFinger1_R/PinkyFinger2_R/PinkyFinger3_R",
                "Root_M/Spine1_M/Spine2_M/Chest_M/Scapula_R/Shoulder_R/ShoulderPart1_R/Elbow_R/ElbowPart1_R/Wrist_R",
                "Root_M/Spine1_M/Spine2_M/Chest_M/Scapula_R/Shoulder_R",
                "Root_M/Spine1_M",
                "Root_M/Spine1_M/Spine2_M",
                "Root_M/Spine1_M/Spine2_M/Chest_M",
                "Root_M/Spine1_M/Spine2_M/Chest_M/Scapula_R",
                "Root_M/Hip_R/HipPart1_R/Knee_R/KneePart1_R",
                "Root_M/Hip_R/HipPart1_R",
                "Root_M",
                "Root_M/Hip_R/HipPart1_R/Knee_R/KneePart1_R/Ankle_R/Toes_R",
                "Root_M/Hip_R/HipPart1_R/Knee_R/KneePart1_R/Ankle_R",
                "Root_M/Hip_R/HipPart1_R/Knee_R",
                "Root_M/Hip_R",
                "Root_M/Spine1_M/Spine2_M/Chest_M/Scapula_L/Shoulder_L/ShoulderPart1_L/Elbow_L/ElbowPart1_L/Wrist_L/MiddleFinger1_L/MiddleFinger2_L/MiddleFinger3_L",
                "Root_M/Spine1_M/Spine2_M/Chest_M/Scapula_L/Shoulder_L/ShoulderPart1_L/Elbow_L/ElbowPart1_L/Wrist_L/MiddleFinger1_L",
                "Root_M/Spine1_M/Spine2_M/Chest_M/Scapula_L/Shoulder_L/ShoulderPart1_L/Elbow_L/ElbowPart1_L/Wrist_L/MiddleFinger1_L/MiddleFinger2_L",
                "Root_M/Spine1_M/Spine2_M/Chest_M/Scapula_L/Shoulder_L/ShoulderPart1_L/Elbow_L/ElbowPart1_L/Wrist_L/ThumbFinger1_L/ThumbFinger2_L/ThumbFinger3_L",
                "Root_M/Spine1_M/Spine2_M/Chest_M/Scapula_L/Shoulder_L/ShoulderPart1_L/Elbow_L/ElbowPart1_L/Wrist_L/ThumbFinger1_L/ThumbFinger2_L",
                "Root_M/Hip_L/HipPart1_L/Knee_L/KneePart1_L/Ankle_L",
                "Root_M/Hip_L/HipPart1_L/Knee_L/KneePart1_L/Ankle_L/Toes_L",
                "Root_M/Hip_L/HipPart1_L/Knee_L",
                "Root_M/Hip_L",
                "Root_M/Hip_L/HipPart1_L/Knee_L/KneePart1_L",
                "Root_M/Hip_L/HipPart1_L",
                "Root_M/Spine1_M/Spine2_M/Chest_M/Scapula_L/Shoulder_L/ShoulderPart1_L/Elbow_L/ElbowPart1_L",
                "Root_M/Spine1_M/Spine2_M/Chest_M/Scapula_L/Shoulder_L",
                "Root_M/Spine1_M/Spine2_M/Chest_M/Scapula_L/Shoulder_L/ShoulderPart1_L"
            ],
            [
                [
                    [
                        7,
                        -0.7557510137557983,
                        -0.5703139901161194,
                        -0.3218422532081604,
                        0,
                        0.22390900552272797,
                        0.23680199682712555,
                        -0.9454048871994019,
                        0,
                        0.6153900027275085,
                        -0.7865539789199829,
                        -0.0512649305164814,
                        0,
                        -0.00905591994524002,
                        -0.01108407974243164,
                        0.06002102419734001,
                        1
                    ],
                    [
                        7,
                        -0.3476259410381317,
                        0.6398352384567261,
                        0.6853957176208496,
                        0,
                        0.037808969616889954,
                        0.7399557828903198,
                        -0.6715921759605408,
                        0,
                        -0.9368710517883301,
                        -0.20754867792129517,
                        -0.28141921758651733,
                        0,
                        0.011073191650211811,
                        -0.06431224197149277,
                        0.013265267945826054,
                        1
                    ],
                    [
                        7,
                        -0.9617258906364441,
                        0.2737799882888794,
                        0.0113291060552001,
                        0,
                        0.003308737650513649,
                        0.052944887429475784,
                        -0.9985920190811157,
                        0,
                        -0.2739943861961365,
                        -0.9603340029716492,
                        -0.05182432010769844,
                        0,
                        0.0458025224506855,
                        -0.013424228876829147,
                        0.056004058569669724,
                        1
                    ],
                    [
                        7,
                        -0.961135983467102,
                        0.2729640007019043,
                        0.04133099317550659,
                        0,
                        -0.019721446558833122,
                        0.08144168555736542,
                        -0.9964830279350281,
                        0,
                        -0.2753699719905853,
                        -0.9585710167884827,
                        -0.07289327681064606,
                        0,
                        0.049957357347011566,
                        -0.014998828992247581,
                        0.054459650069475174,
                        1
                    ],
                    [
                        7,
                        -0.9615449905395508,
                        0.2729310095310211,
                        0.030667807906866074,
                        0,
                        -0.016838759183883667,
                        0.052868086844682693,
                        -0.9984599947929382,
                        0,
                        -0.2741319537162781,
                        -0.9605799913406372,
                        -0.046239227056503296,
                        0,
                        0.04271070659160614,
                        -0.013379319570958614,
                        0.055071618407964706,
                        1
                    ],
                    [
                        7,
                        -0.9914509057998657,
                        -0.1304830014705658,
                        0.0000434811481682118,
                        0,
                        -0.004555003251880407,
                        0.0342773012816906,
                        -0.9994019865989685,
                        0,
                        0.13040350377559662,
                        -0.9908580183982849,
                        -0.0345785915851593,
                        0,
                        0.050082188099622726,
                        0.0004408420354593545,
                        0.056115780025720596,
                        1
                    ],
                    [
                        7,
                        -0.9913020730018616,
                        -0.1303589940071106,
                        -0.018088296055793762,
                        0,
                        0.012422231957316399,
                        0.04414789006114006,
                        -0.9989479780197144,
                        0,
                        0.13102048635482788,
                        -0.9904829859733582,
                        -0.042144566774368286,
                        0,
                        0.04619400575757027,
                        -0.0001193954813061282,
                        0.0569600984454155,
                        1
                    ],
                    [
                        7,
                        -0.9895299673080444,
                        -0.13035699725151062,
                        -0.0619514025747776,
                        0,
                        0.057289570569992065,
                        0.03921690955758095,
                        -0.9975870251655579,
                        0,
                        0.13247206807136536,
                        -0.9906910061836243,
                        -0.03133820742368698,
                        0,
                        0.04053565487265587,
                        0.0001574644265929237,
                        0.05897727981209755,
                        1
                    ],
                    [
                        7,
                        -0.9669378995895386,
                        -0.25398901104927063,
                        0.022802405059337616,
                        0,
                        -0.03869044408202171,
                        0.057734813541173935,
                        -0.9975820183753967,
                        0,
                        0.25205835700035095,
                        -0.9654819965362549,
                        -0.06565298140048981,
                        0,
                        0.048522986471652985,
                        0.002070489339530468,
                        0.05487658083438873,
                        1
                    ],
                    [
                        7,
                        -0.966211199760437,
                        -0.25305700302124023,
                        0.04897679388523102,
                        0,
                        -0.055962689220905304,
                        0.02047760598361492,
                        -0.9982230067253113,
                        0,
                        0.2516043484210968,
                        -0.9672350287437439,
                        -0.0339474231004715,
                        0,
                        0.05257672443985939,
                        0.0041212597861886024,
                        0.05386001989245415,
                        1
                    ],
                    [
                        7,
                        -0.9662399291992188,
                        -0.2500990033149719,
                        -0.061890795826911926,
                        0,
                        0.04767651483416557,
                        0.06250450760126114,
                        -0.9969050288200378,
                        0,
                        0.25319331884384155,
                        -0.9662010073661804,
                        -0.04847048223018646,
                        0,
                        0.040135327726602554,
                        0.0016165297711268067,
                        0.05886450037360191,
                        1
                    ],
                    [
                        7,
                        -0.9672641158103943,
                        0.25293099880218506,
                        -0.02063029818236828,
                        0,
                        0.03598476201295853,
                        0.0562308095395565,
                        -0.9977689981460571,
                        0,
                        -0.25120657682418823,
                        -0.965848982334137,
                        -0.06349170953035355,
                        0,
                        0.03177937865257263,
                        -0.014936220832169056,
                        0.05725216120481491,
                        1
                    ],
                    [
                        7,
                        -0.9901149868965149,
                        0.03249209746718407,
                        -0.13644400238990784,
                        0,
                        0.13776427507400513,
                        0.04261089116334915,
                        -0.9895480275154114,
                        0,
                        -0.026338502764701843,
                        -0.9985629916191101,
                        -0.04666593670845032,
                        0,
                        0.011242453008890152,
                        -0.006384949665516615,
                        0.060966599732637405,
                        1
                    ],
                    [
                        7,
                        6.112818404652572e-17,
                        -5.766256197772455e-17,
                        1,
                        0,
                        0.9982990026473999,
                        0.05829869955778122,
                        -5.766257521261435e-17,
                        0,
                        -0.05829869955778122,
                        0.9982990026473999,
                        6.112819728141552e-17,
                        0,
                        -0.06528256833553314,
                        -0.004379279911518097,
                        3.738085849999092e-18,
                        1
                    ],
                    [
                        7,
                        5.810373379434603e-17,
                        -8.055475896034999e-17,
                        1,
                        0,
                        0.9489060044288635,
                        -0.3155589997768402,
                        -8.055475234290509e-17,
                        0,
                        0.3155589997768402,
                        0.9489060044288635,
                        5.810373379434603e-17,
                        0,
                        -0.05794582888484001,
                        0.020108990371227264,
                        4.98674352237902e-18,
                        1
                    ],
                    [
                        7,
                        -0.9975029826164246,
                        0.06243849918246269,
                        0.03299730271100998,
                        0,
                        0.03000847063958645,
                        -0.04821539670228958,
                        0.998386025428772,
                        0,
                        0.06392873078584671,
                        0.996882975101471,
                        0.04622134938836098,
                        0,
                        -0.04876750707626343,
                        0.006257849745452404,
                        -0.05473095923662186,
                        1
                    ],
                    [
                        7,
                        -0.996940016746521,
                        0.062477000057697296,
                        0.04698919504880905,
                        0,
                        0.04407155513763428,
                        -0.04728539660573006,
                        0.9979090094566345,
                        0,
                        0.06456824392080307,
                        0.9969260096549988,
                        0.044387225061655045,
                        0,
                        -0.05246942862868309,
                        0.006207259837538004,
                        -0.05400291085243225,
                        1
                    ],
                    [
                        7,
                        -0.9975969791412354,
                        0.0624816007912159,
                        -0.0299358032643795,
                        0,
                        -0.03301549330353737,
                        -0.048853401094675064,
                        0.9982600212097168,
                        0,
                        0.060910407453775406,
                        0.9968500137329102,
                        0.050798848271369934,
                        0,
                        -0.04129204899072647,
                        0.006295850034803152,
                        -0.05769351124763489,
                        1
                    ],
                    [
                        7,
                        -0.961135983467102,
                        0.2729640007019043,
                        0.04133099317550659,
                        0,
                        0.019721446558833122,
                        -0.08144168555736542,
                        0.9964830279350281,
                        0,
                        0.2753699719905853,
                        0.9585710167884827,
                        0.07289327681064606,
                        0,
                        -0.049957357347011566,
                        0.014998828992247581,
                        -0.054459650069475174,
                        1
                    ],
                    [
                        7,
                        -0.5124889016151428,
                        0.5173630118370056,
                        0.6853399276733398,
                        0,
                        -0.020727958530187607,
                        -0.8053399920463562,
                        0.5924510955810547,
                        0,
                        0.8584430813789368,
                        0.2894189953804016,
                        0.4234519600868225,
                        0,
                        -0.02553672343492508,
                        0.06292001903057098,
                        -0.009630789048969746,
                        1
                    ],
                    [
                        7,
                        -0.46189382672309875,
                        0.6606249213218689,
                        0.5918009281158447,
                        0,
                        -0.022141097113490105,
                        -0.6756231188774109,
                        0.7369140982627869,
                        0,
                        0.8866590857505798,
                        0.3272729516029358,
                        0.32669293880462646,
                        0,
                        -0.019758624956011772,
                        0.06097354367375374,
                        -0.02059684880077839,
                        1
                    ],
                    [
                        7,
                        -0.3476259410381317,
                        0.6398352384567261,
                        0.6853957176208496,
                        0,
                        -0.037808969616889954,
                        -0.7399557828903198,
                        0.6715921759605408,
                        0,
                        0.9368710517883301,
                        0.20754867792129517,
                        0.28141921758651733,
                        0,
                        -0.011073191650211811,
                        0.06431224197149277,
                        -0.013265278190374374,
                        1
                    ],
                    [
                        7,
                        -0.9617258906364441,
                        0.2737799882888794,
                        0.0113291060552001,
                        0,
                        -0.003308737650513649,
                        -0.052944887429475784,
                        0.9985920190811157,
                        0,
                        0.2739943861961365,
                        0.9603340029716492,
                        0.05182432010769844,
                        0,
                        -0.0458025224506855,
                        0.013424228876829147,
                        -0.056004058569669724,
                        1
                    ],
                    [
                        7,
                        -0.9615449905395508,
                        0.2729310095310211,
                        0.030667807906866074,
                        0,
                        0.016838759183883667,
                        -0.052868086844682693,
                        0.9984599947929382,
                        0,
                        0.2741319537162781,
                        0.9605799913406372,
                        0.046239227056503296,
                        0,
                        -0.04271070659160614,
                        0.013379319570958614,
                        -0.055071618407964706,
                        1
                    ],
                    [
                        7,
                        -0.9913020730018616,
                        -0.1303589940071106,
                        -0.018088296055793762,
                        0,
                        -0.012422231957316399,
                        -0.04414789006114006,
                        0.9989479780197144,
                        0,
                        -0.13102048635482788,
                        0.9904829859733582,
                        0.042144566774368286,
                        0,
                        -0.04619400575757027,
                        0.0001193954813061282,
                        -0.0569600984454155,
                        1
                    ],
                    [
                        7,
                        -0.9914509057998657,
                        -0.1304830014705658,
                        0.00004347742287791334,
                        0,
                        0.0045549990609288216,
                        -0.0342772975564003,
                        0.9994019865989685,
                        0,
                        -0.13040350377559662,
                        0.9908580183982849,
                        0.0345785915851593,
                        0,
                        -0.050082188099622726,
                        -0.000440842064563185,
                        -0.056115780025720596,
                        1
                    ],
                    [
                        7,
                        -0.9669378995895386,
                        -0.25398901104927063,
                        0.022802405059337616,
                        0,
                        0.03869044408202171,
                        -0.057734813541173935,
                        0.9975820183753967,
                        0,
                        -0.25205835700035095,
                        0.9654819965362549,
                        0.06565298140048981,
                        0,
                        -0.048522986471652985,
                        -0.002070489339530468,
                        -0.05487658083438873,
                        1
                    ],
                    [
                        7,
                        -0.9895299673080444,
                        -0.13035699725151062,
                        -0.0619514025747776,
                        0,
                        -0.057289570569992065,
                        -0.03921690955758095,
                        0.9975870251655579,
                        0,
                        -0.13247206807136536,
                        0.9906910061836243,
                        0.03133820742368698,
                        0,
                        -0.04053565487265587,
                        -0.00015746543067507446,
                        -0.05897727981209755,
                        1
                    ],
                    [
                        7,
                        -0.9895550012588501,
                        -0.0465225987136364,
                        -0.13644400238990784,
                        0,
                        -0.13392998278141022,
                        -0.05345509946346283,
                        0.9895480275154114,
                        0,
                        -0.05332998186349869,
                        0.9974859952926636,
                        0.0466659739613533,
                        0,
                        -0.006511901505291462,
                        0.005468619987368584,
                        -0.060966599732637405,
                        1
                    ],
                    [
                        7,
                        -0.9662399291992188,
                        -0.2500990033149719,
                        -0.061890795826911926,
                        0,
                        -0.04767651483416557,
                        -0.06250450760126114,
                        0.9969050288200378,
                        0,
                        -0.25319331884384155,
                        0.9662010073661804,
                        0.04847048223018646,
                        0,
                        -0.040135327726602554,
                        -0.0016165297711268067,
                        -0.05886450037360191,
                        1
                    ],
                    [
                        7,
                        -0.9901149868965149,
                        0.03249209746718407,
                        -0.13644400238990784,
                        0,
                        -0.13776427507400513,
                        -0.04261089116334915,
                        0.9895480275154114,
                        0,
                        0.026338502764701843,
                        0.9985629916191101,
                        0.04666593670845032,
                        0,
                        -0.019342873245477676,
                        0.006384949665516615,
                        -0.060966599732637405,
                        1
                    ],
                    [
                        7,
                        -0.9901149868965149,
                        0.03249209746718407,
                        -0.13644400238990784,
                        0,
                        -0.13776427507400513,
                        -0.04261089116334915,
                        0.9895480275154114,
                        0,
                        0.026338502764701843,
                        0.9985629916191101,
                        0.04666593670845032,
                        0,
                        -0.011242453008890152,
                        0.006384949665516615,
                        -0.060966599732637405,
                        1
                    ],
                    [
                        7,
                        -0.966211199760437,
                        -0.25305700302124023,
                        0.04897679388523102,
                        0,
                        0.055962689220905304,
                        -0.02047760598361492,
                        0.9982230067253113,
                        0,
                        -0.2516043484210968,
                        0.9672350287437439,
                        0.0339474231004715,
                        0,
                        -0.05257672443985939,
                        -0.0041212597861886024,
                        -0.05386001989245415,
                        1
                    ],
                    [
                        7,
                        -0.9672641158103943,
                        0.25293099880218506,
                        -0.02063029818236828,
                        0,
                        -0.03598476201295853,
                        -0.0562308095395565,
                        0.9977689981460571,
                        0,
                        0.25120657682418823,
                        0.965848982334137,
                        0.06349170953035355,
                        0,
                        -0.03177937865257263,
                        0.014936220832169056,
                        -0.05725216120481491,
                        1
                    ],
                    [
                        7,
                        -0.9895550012588501,
                        -0.0465225987136364,
                        -0.13644400238990784,
                        0,
                        -0.13392998278141022,
                        -0.05345509946346283,
                        0.9895480275154114,
                        0,
                        -0.05332998186349869,
                        0.9974859952926636,
                        0.0466659739613533,
                        0,
                        -0.0013082213699817657,
                        0.005468619987368584,
                        -0.060966599732637405,
                        1
                    ],
                    [
                        7,
                        6.11638851617635e-17,
                        -5.833826927650686e-17,
                        1,
                        0,
                        0.998881995677948,
                        0.04726329818367958,
                        -5.833829574628647e-17,
                        0,
                        -0.04726329818367958,
                        0.998881995677948,
                        6.11639116315431e-17,
                        0,
                        -0.04269319027662277,
                        -0.0008234300184994936,
                        2.563246189073702e-18,
                        1
                    ],
                    [
                        7,
                        6.122529505043944e-17,
                        -6.030347174092055e-17,
                        1,
                        0,
                        0.9998850226402283,
                        0.015169600024819374,
                        -6.030347174092055e-17,
                        0,
                        -0.015169600024819374,
                        0.9998850226402283,
                        6.122529505043944e-17,
                        0,
                        -0.04954791069030762,
                        0.0007677110261283815,
                        3.0798808657977842e-18,
                        1
                    ],
                    [
                        7,
                        5.985136790532356e-17,
                        -7.416329980327525e-17,
                        1,
                        0,
                        0.977446973323822,
                        -0.2111790031194687,
                        -7.416332627305485e-17,
                        0,
                        0.2111790031194687,
                        0.977446973323822,
                        5.985138775765826e-17,
                        0,
                        -0.05578818917274475,
                        0.013730029575526714,
                        4.357267348032292e-18,
                        1
                    ],
                    [
                        7,
                        -0.7557510137557983,
                        -0.5703139901161194,
                        -0.3218422532081604,
                        0,
                        -0.22390900552272797,
                        -0.23680199682712555,
                        0.9454048871994019,
                        0,
                        -0.6153900027275085,
                        0.7865539789199829,
                        0.0512649305164814,
                        0,
                        0.00905591994524002,
                        0.01108407974243164,
                        -0.06002102419734001,
                        1
                    ],
                    [
                        7,
                        -0.07063166052103043,
                        -0.021846704185009003,
                        -0.9972630143165588,
                        0,
                        -0.9946739673614502,
                        -0.07369910180568695,
                        0.07206269353628159,
                        0,
                        -0.075071781873703,
                        0.9970409870147705,
                        -0.016524851322174072,
                        0,
                        0.014356869272887707,
                        0.00028989295242354274,
                        -0.010739260353147984,
                        1
                    ],
                    [
                        7,
                        -0.07384947687387466,
                        -0.0035155045334249735,
                        -0.9972630143165588,
                        0,
                        -0.9815620183944702,
                        0.17703799903392792,
                        0.07206270843744278,
                        0,
                        0.176300048828125,
                        0.9841979742050171,
                        -0.016524845734238625,
                        0,
                        0.029010290279984474,
                        -0.0055952901020646095,
                        -0.010739260353147984,
                        1
                    ],
                    [
                        7,
                        6.096432287590141e-17,
                        -5.550928180307346e-17,
                        1,
                        0,
                        0.995622992515564,
                        0.09346509724855423,
                        -5.5509255333293855e-17,
                        0,
                        -0.09346509724855423,
                        0.995622992515564,
                        6.096429640612181e-17,
                        0,
                        -0.03696995973587036,
                        -0.002799419919028878,
                        2.0984529892898495e-18,
                        1
                    ],
                    [
                        7,
                        0.00043790347990579903,
                        0.042079851031303406,
                        -0.9991139769554138,
                        0,
                        0.10044362396001816,
                        0.9940599799156189,
                        0.04191097244620323,
                        0,
                        0.9949430227279663,
                        -0.10037299990653992,
                        -0.0037913471460342407,
                        0,
                        -0.008446750231087208,
                        0.0010378394508734345,
                        -0.010595089755952358,
                        1
                    ],
                    [
                        7,
                        -1.2247805436516046e-8,
                        -0.03372279927134514,
                        -0.9994310140609741,
                        0,
                        -1,
                        3.364509950642969e-7,
                        9.022438907102526e-10,
                        0,
                        3.362292773090303e-7,
                        0.9994310140609741,
                        -0.03372279927134514,
                        0,
                        0.0059522101655602455,
                        -0.00027136699645780027,
                        -0.010334069840610027,
                        1
                    ],
                    [
                        7,
                        -0.07063166052103043,
                        -0.021846704185009003,
                        -0.9972630143165588,
                        0,
                        -0.9946739673614502,
                        -0.07369910180568695,
                        0.07206269353628159,
                        0,
                        -0.075071781873703,
                        0.9970409870147705,
                        -0.016524851322174072,
                        0,
                        0.0235291700810194,
                        0.0002898959501180798,
                        -0.010739260353147984,
                        1
                    ],
                    [
                        7,
                        -0.07384947687387466,
                        -0.0035155045334249735,
                        -0.9972630143165588,
                        0,
                        -0.9815620183944702,
                        0.17703799903392792,
                        0.07206270843744278,
                        0,
                        0.176300048828125,
                        0.9841979742050171,
