[
    1,
    0,
    0,
    [
        [
            "cc.Skeleton",
            [
                "_name",
                "_hash",
                "_joints",
                "_bindposes"
            ],
            0,
            12
        ]
    ],
    [
        [
            0,
            0,
            1,
            2,
            3,
            4
        ]
    ],
    [
        [
            0,
            "Skin-3",
            2069783319,
            [
                "Root_M/Tail0_M/Tail1_M",
                "Root_M/Tail0_M/Tail1_M/Tail2_M/Tail3_M",
                "Root_M/Tail0_M/Tail1_M/Tail2_M/Tail3_M/Tail4_M",
                "Root_M/Tail0_M/Tail1_M/Tail2_M/Tail3_M/Tail4_M/Tail5_M",
                "Root_M/Tail0_M/Tail1_M/Tail2_M/Tail3_M/Tail4_M/Tail5_M/Tail6_M",
                "Root_M/RootPart1_M/RootPart2_M",
                "Root_M/RootPart1_M/RootPart2_M/Spine2_M/Chest_M",
                "Root_M/RootPart1_M/RootPart2_M/Spine2_M/Chest_M/Neck_M",
                "Root_M/RootPart1_M/RootPart2_M/Spine2_M/Chest_M/Neck_M/NeckPart1_M",
                "Root_M/RootPart1_M/RootPart2_M/Spine2_M/Chest_M/Neck_M/NeckPart1_M/Head_M",
                "Root_M/RootPart1_M/RootPart2_M/Spine2_M/Chest_M/Neck_M/NeckPart1_M/Head_M/HeadEnd_M",
                "Root_M/RootPart1_M/RootPart2_M/Spine2_M/Chest_M/Neck_M/NeckPart1_M/Head_M/Jaw_M",
                "Root_M/RootPart1_M/RootPart2_M/Spine2_M/Chest_M/Neck_M/NeckPart1_M/Head_M/Jaw_M/JawEnd_M",
                "Root_M/RootPart1_M/RootPart2_M/Spine2_M/Chest_M/Scapula_R",
                "Root_M/RootPart1_M/RootPart2_M/Spine2_M/Chest_M/Scapula_L"
            ],
            [
                [
                    [
                        7,
                        1.368354318742604e-8,
                        5.1556670044305974e-9,
                        -1,
                        0,
                        0.6453080177307129,
                        -0.7639229893684387,
                        4.891563598619086e-9,
                        0,
                        -0.7639229893684387,
                        -0.6453080177307129,
                        -1.378015657138576e-8,
                        0,
                        -0.019863199442625046,
                        0.007571079768240452,
                        -9.91303428232726e-11,
                        1
                    ],
                    [
                        7,
                        8.824710739929742e-9,
                        1.1659502696659274e-8,
                        -1,
                        0,
                        0.953311026096344,
                        -0.30199098587036133,
                        4.891627103376095e-9,
                        0,
                        -0.30199098587036133,
                        -0.953311026096344,
                        -1.3780109497929516e-8,
                        0,
                        -0.02638522908091545,
                        -0.006823949981480837,
                        -1.0413507556261692e-10,
                        1
                    ],
                    [
                        7,
                        7.242134003604406e-9,
                        1.2703201157648891e-8,
                        -1,
                        0,
                        0.9843689799308777,
                        -0.17612099647521973,
                        4.891627103376095e-9,
                        0,
                        -0.17612099647521973,
                        -0.9843689799308777,
                        -1.3780116603356873e-8,
                        0,
                        -0.028065010905265808,
                        -0.010543400421738625,
                        -1.1071417393981875e-10,
                        1
                    ],
                    [
                        7,
                        4.554238763887497e-9,
                        1.3895300021715684e-8,
                        -1,
                        0,
                        0.9997029900550842,
                        0.024378500878810883,
                        4.891630656089774e-9,
                        0,
                        0.024378500878810883,
                        -0.9997029900550842,
                        -1.3780142360531045e-8,
                        0,
                        -0.028023039922118187,
                        -0.01648310013115406,
                        -1.180176928405885e-10,
                        1
                    ],
                    [
                        7,
                        4.554238763887497e-9,
                        1.3895300021715684e-8,
                        -1,
                        0,
                        0.9997029900550842,
                        0.024378500878810883,
                        4.891630656089774e-9,
                        0,
                        0.024378500878810883,
                        -0.9997029900550842,
                        -1.3780142360531045e-8,
                        0,
                        -0.031048890203237534,
                        -0.01648310013115406,
                        -1.2770669244321908e-10,
                        1
                    ],
                    [
                        7,
                        -1.4622564492583479e-8,
                        9.991857466201334e-14,
                        1,
                        0,
                        -0.334526002407074,
                        -0.9423869848251343,
                        -4.891529403749928e-9,
                        0,
                        0.9423869848251343,
                        -0.334526002407074,
                        1.3780135255103687e-8,
                        0,
                        0.005665639881044626,
                        0.012238300405442715,
                        1.4324269548282587e-10,
                        1
                    ],
                    [
                        7,
                        -1.3905882667586411e-8,
                        -4.521021779169132e-9,
                        1,
                        0,
                        -0.02671949937939644,
                        -0.9996430277824402,
                        -4.890965854542628e-9,
                        0,
                        0.9996430277824402,
                        -0.02671949937939644,
                        1.3780117491535293e-8,
                        0,
                        -0.005804460030049086,
                        0.012557229958474636,
                        1.432356594444073e-10,
                        1
                    ],
                    [
                        7,
                        2.6738802283432506e-9,
                        -1.4375999946025786e-8,
                        1,
                        0,
                        0.987667977809906,
                        -0.1565610021352768,
                        -4.891629767911354e-9,
                        0,
                        0.1565610021352768,
                        0.987667977809906,
                        1.378009795161006e-8,
                        0,
                        -0.016659319400787354,
                        -0.006594500038772821,
                        1.432440138726676e-10,
                        1
                    ],
                    [
                        7,
                        2.6738802283432506e-9,
                        -1.4375999946025786e-8,
                        1,
                        0,
                        0.987667977809906,
                        -0.1565610021352768,
                        -4.891629767911354e-9,
                        0,
                        0.1565610021352768,
                        0.987667977809906,
                        1.378009795161006e-8,
                        0,
                        -0.02249862067401409,
                        -0.006594500038772821,
                        1.1426301571582087e-10,
                        1
                    ],
                    [
                        7,
                        4.3289900553133975e-9,
                        -1.3967099476985823e-8,
                        1,
                        0,
                        0.9991779923439026,
                        -0.04053809866309166,
                        -4.891631100178984e-9,
                        0,
                        0.04053809866309166,
                        0.9991779923439026,
                        1.378012903785475e-8,
                        0,
                        -0.027377750724554062,
                        -0.009848039597272873,
                        4.0910809462335607e-11,
                        1
                    ],
                    [
                        7,
                        4.3289900553133975e-9,
                        -1.3967099476985823e-8,
                        1,
                        0,
                        0.9991779923439026,
                        -0.04053809866309166,
                        -4.891631100178984e-9,
                        0,
                        0.04053809866309166,
                        0.9991779923439026,
                        1.378012903785475e-8,
                        0,
                        -0.042473018169403076,
                        -0.009848039597272873,
                        4.0910805992888655e-11,
                        1
                    ],
                    [
                        7,
                        -1.4613597443258186e-8,
                        -5.118049317687223e-10,
                        1,
                        0,
                        -0.30133599042892456,
                        -0.9535179734230042,
                        -4.891618665681108e-9,
                        0,
                        0.9535179734230042,
                        -0.30133599042892456,
                        1.3780104168858998e-8,
                        0,
                        -0.005687799770385027,
                        0.022578949108719826,
                        4.0910826809570366e-11,
                        1
                    ],
                    [
                        7,
                        -1.4613597443258186e-8,
                        -5.118049317687223e-10,
                        1,
                        0,
                        -0.30133599042892456,
                        -0.9535179734230042,
                        -4.891618665681108e-9,
                        0,
                        0.9535179734230042,
                        -0.30133599042892456,
                        1.3780104168858998e-8,
                        0,
                        -0.01713244989514351,
                        0.022578949108719826,
                        4.0910823340123414e-11,
                        1
                    ],
                    [
                        7,
                        -0.5131128430366516,
                        -3.031340156667284e-8,
                        -0.8583210110664368,
                        0,
                        -0.8443281054496765,
                        0.17983601987361908,
                        0.5047469735145569,
                        0,
                        0.15435706079006195,
                        0.9836969971656799,
                        -0.09227608889341354,
                        0,
                        0.00894182175397873,
                        -0.009505600668489933,
                        -0.009528659284114838,
                        1
                    ],
                    [
                        7,
                        -0.5131128430366516,
                        -1.3161886691648306e-8,
                        -0.8583210110664368,
                        0,
                        0.8443281054496765,
                        -0.17983601987361908,
                        -0.5047469735145569,
                        0,
                        -0.15435707569122314,
                        -0.9836969971656799,
                        0.09227607399225235,
                        0,
                        -0.00894182175397873,
                        0.009505600668489933,
                        0.009528658352792263,
                        1
                    ]
                ],
                8,
                8,
                8,
                8,
                8,
                8,
                8,
                8,
                8,
                8,
                8,
                8,
                8,
                8,
                8
            ]
        ]
    ],
    0,
    0,
    [],
    [],
    []
]
