[
    1,
    0,
    0,
    [
        [
            "cc.Skeleton",
            [
                "_name",
                "_hash",
                "_joints",
                "_bindposes"
            ],
            0,
            12
        ]
    ],
    [
        [
            0,
            0,
            1,
            2,
            3,
            4
        ]
    ],
    [
        [
            0,
            "Skin-2",
            4144506546,
            [
                "Root_M",
                "Root_M/Spine1_M",
                "Root_M/Spine1_M/Chest_M",
                "Root_M/Spine1_M/Chest_M/Neck_M",
                "Root_M/Spine1_M/Chest_M/Neck_M/Head_M",
                "Root_M/Spine1_M/Chest_M/Scapula_L",
                "Root_M/Spine1_M/Chest_M/Scapula_L/Shoulder_L",
                "Root_M/Spine1_M/Chest_M/Scapula_L/Shoulder_L/Elbow_L",
                "Root_M/Spine1_M/Chest_M/Scapula_L/Shoulder_L/Elbow_L/Wrist_L",
                "Root_M/Hip_L",
                "Root_M/Hip_L/Knee_L"
            ],
            [
                [
                    [
                        7,
                        -1.6073266766851061e-16,
                        -5.002625820273957e-16,
                        1,
                        0,
                        0.9995050430297852,
                        -0.031458914279937744,
                        1.4491539940461042e-16,
                        0,
                        0.031458914279937744,
                        0.9995050430297852,
                        5.050714527667544e-16,
                        0,
                        -0.019512146711349487,
                        0.0004364966880530119,
                        -3.2884277806782753e-18,
                        1
                    ],
                    [
                        7,
                        -1.6051606546202993e-16,
                        -4.955657313953114e-16,
                        1,
                        0,
                        0.9981581568717957,
                        -0.06066583842039108,
                        1.3015651204319428e-16,
                        0,
                        0.06066583842039108,
                        0.9981581568717957,
                        5.043908088540763e-16,
                        0,
                        -0.024823229759931564,
                        0.0011626967461779714,
                        -3.024364845781441e-18,
                        1
                    ],
                    [
                        7,
                        -1.6073587051184242e-16,
                        -5.003653906513687e-16,
                        1,
                        0,
                        0.9995249509811401,
                        -0.03081941418349743,
                        1.4523855570887774e-16,
                        0,
                        0.03081941418349743,
                        0.9995249509811401,
                        5.05081511283003e-16,
                        0,
                        -0.02732432447373867,
                        0.0003465543850325048,
                        -1.9691652799332707e-18,
                        1
                    ],
                    [
                        7,
                        5.751306066253416e-17,
                        -4.843061753670192e-16,
                        1,
                        0,
                        0.9392595887184143,
                        0.34320753812789917,
                        1.1219782537462701e-16,
                        0,
                        -0.34320753812789917,
                        0.9392595887184143,
                        4.746281357303692e-16,
                        0,
                        -0.02801189385354519,
                        -0.010852459818124771,
                        -9.365741732283693e-18,
                        1
                    ],
                    [
                        7,
                        -1.6081226229577292e-16,
                        -5.053215392444312e-16,
                        1,
                        0,
                        1,
                        -2.0489094865183688e-8,
                        1.6081224906088311e-16,
                        0,
                        2.0489094865183688e-8,
                        1,
                        5.053215392444312e-16,
                        0,
                        -0.03196112811565399,
                        0.00012439562124200165,
                        -9.574726432503377e-18,
                        1
                    ],
                    [
                        7,
                        -0.9999274015426636,
                        -0.000001486659016336489,
                        -0.012051837518811226,
                        0,
                        0.0120518384501338,
                        -0.00012334641360212117,
                        -0.9999273419380188,
                        0,
                        -9.146007654567759e-16,
                        -1,
                        0.00012335537758190185,
                        0,
                        0.0028796999249607325,
                        -0.0001089197612600401,
                        0.028484230861067772,
                        1
                    ],
                    [
                        7,
                        -0.15891462564468384,
                        -0.016919724643230438,
                        -0.987147331237793,
                        0,
                        0.9815993309020996,
                        0.10451140254735947,
                        -0.1598128229379654,
                        0,
                        0.10587213933467865,
                        -0.9943797588348389,
                        5.446323392277463e-10,
                        0,
                        -0.02677895687520504,
                        -0.0029642386361956596,
                        0.011229886673390865,
                        1
                    ],
                    [
                        7,
                        -0.15826688706874847,
                        0.022175027057528496,
                        -0.987147331237793,
                        0,
                        0.977598249912262,
                        -0.13697285950183868,
                        -0.1598128229379654,
                        0,
                        -0.13875624537467957,
                        -0.9903265833854675,
                        5.44632006160839e-10,
                        0,
                        -0.02167670615017414,
                        0.002370338188484311,
                        0.011229886673390865,
                        1
                    ],
                    [
                        7,
                        -0.1337725818157196,
                        0.0319434329867363,
                        -0.9904971122741699,
                        0,
                        0.9809468388557434,
                        -0.1378193348646164,
                        -0.13692742586135864,
                        0,
                        -0.14088359475135803,
                        -0.9899421334266663,
                        -0.01289836224168539,
                        0,
                        -0.016554739326238632,
                        0.0023029823787510395,
                        0.010846441611647606,
                        1
                    ],
                    [
                        7,
                        -0.010730288922786713,
                        -0.0003671304730232805,
                        -0.9999423623085022,
                        0,
                        0.9993575811386108,
                        0.03419242799282074,
                        -0.01073656789958477,
                        0,
                        0.034194398671388626,
                        -0.9994152188301086,
                        2.2804104762017604e-15,
                        0,
                        -0.01896691881120205,
                        -0.0005232313415035605,
                        0.0027990643866360188,
                        1
                    ],
                    [
                        7,
                        -0.010681620799005032,
                        -0.0010848328238353133,
                        -0.9999423623085022,
                        0,
                        0.9948249459266663,
                        0.10103511065244675,
                        -0.01073656789958477,
                        0,
                        0.10104092955589294,
                        -0.9948822855949402,
                        2.2699371255671978e-15,
                        0,
                        -0.01038399152457714,
                        -0.0012213099980726838,
                        0.0027990643866360188,
                        1
                    ]
                ],
                8,
                8,
                8,
                8,
                8,
                8,
                8,
                8,
                8,
                8,
                8
            ]
        ]
    ],
    0,
    0,
    [],
    [],
    []
]
