[
    1,
    0,
    0,
    [
        [
            "cc.Skeleton",
            [
                "_name",
                "_hash",
                "_joints",
                "_bindposes"
            ],
            0,
            12
        ]
    ],
    [
        [
            0,
            0,
            1,
            2,
            3,
            4
        ]
    ],
    [
        [
            0,
            "Skin-2",
            3437976317,
            [
                "Root_M/Tail0_M/Tail1_M/Tail2_M",
                "Root_M/Tail0_M/Tail1_M/Tail2_M/Tail3_M",
                "Root_M/Tail0_M/Tail1_M/Tail2_M/Tail3_M/Tail4_M",
                "Root_M/Tail0_M/Tail1_M/Tail2_M/Tail3_M/Tail4_M/Tail5_M",
                "Root_M/Tail0_M/Tail1_M/Tail2_M/Tail3_M/Tail4_M/Tail5_M/Tail6_M"
            ],
            [
                [
                    [
                        7,
                        1.2148433370384737e-8,
                        8.13854938996883e-9,
                        -1,
                        0,
                        0.8024290204048157,
                        -0.5967479944229126,
                        4.891589355793258e-9,
                        0,
                        -0.5967479944229126,
                        -0.8024290204048157,
                        -1.378015479502892e-8,
                        0,
                        -0.023963989689946175,
                        0.0021665298845618963,
                        -1.0021385110636771e-10,
                        1
                    ],
                    [
                        7,
                        8.824710739929742e-9,
                        1.1659502696659274e-8,
                        -1,
                        0,
                        0.953311026096344,
                        -0.30199098587036133,
                        4.891627103376095e-9,
                        0,
                        -0.30199098587036133,
                        -0.953311026096344,
                        -1.3780109497929516e-8,
                        0,
                        -0.02638522908091545,
                        -0.006823949981480837,
                        -1.0413507556261692e-10,
                        1
                    ],
                    [
                        7,
                        7.242134003604406e-9,
                        1.2703201157648891e-8,
                        -1,
                        0,
                        0.9843689799308777,
                        -0.17612099647521973,
                        4.891627103376095e-9,
                        0,
                        -0.17612099647521973,
                        -0.9843689799308777,
                        -1.3780116603356873e-8,
                        0,
                        -0.028065010905265808,
                        -0.010543400421738625,
                        -1.1071417393981875e-10,
                        1
                    ],
                    [
                        7,
                        4.554238763887497e-9,
                        1.3895300021715684e-8,
                        -1,
                        0,
                        0.9997029900550842,
                        0.024378500878810883,
                        4.891630656089774e-9,
                        0,
                        0.024378500878810883,
                        -0.9997029900550842,
                        -1.3780142360531045e-8,
                        0,
                        -0.028023039922118187,
                        -0.01648310013115406,
                        -1.180176928405885e-10,
                        1
                    ],
                    [
                        7,
                        4.554238763887497e-9,
                        1.3895300021715684e-8,
                        -1,
                        0,
                        0.9997029900550842,
                        0.024378500878810883,
                        4.891630656089774e-9,
                        0,
                        0.024378500878810883,
                        -0.9997029900550842,
                        -1.3780142360531045e-8,
                        0,
                        -0.031048890203237534,
                        -0.01648310013115406,
                        -1.2770669244321908e-10,
                        1
                    ]
                ],
                8,
                8,
                8,
                8,
                8
            ]
        ]
    ],
    0,
    0,
    [],
    [],
    []
]
