[
    1,
    0,
    0,
    [
        [
            "cc.Skeleton",
            [
                "_name",
                "_hash",
                "_joints",
                "_bindposes"
            ],
            0,
            12
        ]
    ],
    [
        [
            0,
            0,
            1,
            2,
            3,
            4
        ]
    ],
    [
        [
            0,
            "Skin-0",
            1221932206,
            [
                "Root_M/RootPart1_M/RootPart2_M/Spine2_M/Chest_M/Scapula_R/Shoulder_R",
                "Root_M/RootPart1_M/RootPart2_M/Spine2_M/Chest_M/Scapula_R/Shoulder_R/Elbow_R/Wrist_R/Fingers1_R",
                "Root_M/Tail0_M/Tail1_M/Tail2_M/Tail3_M/Tail4_M/Tail5_M",
                "Root_M/Tail0_M/Tail1_M/Tail2_M/Tail3_M/Tail4_M",
                "Root_M/Tail0_M/Tail1_M/Tail2_M/Tail3_M",
                "Root_M/RootPart1_M/RootPart2_M/Spine2_M/Chest_M/Neck_M/NeckPart1_M/Head_M",
                "Root_M/RootPart1_M/RootPart2_M/Spine2_M/Chest_M/Neck_M/NeckPart1_M",
                "Root_M/RootPart1_M/RootPart2_M/Spine2_M/Chest_M/Neck_M",
                "Root_M/Tail0_M/Tail1_M",
                "Root_M/Tail0_M/Tail1_M/Tail2_M",
                "Root_M/Tail0_M",
                "Root_M/Hip_R/Knee_R/Ankle_R/Toes1_R",
                "Root_M/Hip_R",
                "Root_M/Hip_R/Knee_R/Ankle_R",
                "Root_M/Hip_R/Knee_R",
                "Root_M/RootPart1_M/RootPart2_M/Spine2_M/Chest_M/Scapula_L/Shoulder_L",
                "Root_M/RootPart1_M/RootPart2_M/Spine2_M/Chest_M/Scapula_L/Shoulder_L/Elbow_L/Wrist_L",
                "Root_M/RootPart1_M/RootPart2_M/Spine2_M/Chest_M/Scapula_L/Shoulder_L/Elbow_L",
                "Root_M/RootPart1_M/RootPart2_M/Spine2_M/Chest_M/Scapula_L/Shoulder_L/Elbow_L/Wrist_L/Fingers1_L",
                "Root_M/RootPart1_M/RootPart2_M/Spine2_M/Chest_M/Scapula_L",
                "Root_M/RootPart1_M",
                "Root_M",
                "Root_M/RootPart1_M/RootPart2_M/Spine2_M/Chest_M/Scapula_R",
                "Root_M/RootPart1_M/RootPart2_M/Spine2_M/Chest_M",
                "Root_M/RootPart1_M/RootPart2_M/Spine2_M",
                "Root_M/RootPart1_M/RootPart2_M",
                "Root_M/Hip_L/Knee_L",
                "Root_M/Hip_L/Knee_L/Ankle_L/Toes1_L",
                "Root_M/Hip_L/Knee_L/Ankle_L",
                "Root_M/Hip_L",
                "Root_M/RootPart1_M/RootPart2_M/Spine2_M/Chest_M/Scapula_R/Shoulder_R/Elbow_R/Wrist_R",
                "Root_M/RootPart1_M/RootPart2_M/Spine2_M/Chest_M/Scapula_R/Shoulder_R/Elbow_R"
            ],
            [
                [
                    [
                        7,
                        7.74850406060068e-9,
                        -1.1039094971465602e-8,
                        -1,
                        0,
                        -0.9290609955787659,
                        -0.36992698907852173,
                        -3.1151723423050726e-9,
                        0,
                        -0.36992698907852173,
                        0.9290609955787659,
                        -1.3122368969220588e-8,
                        0,
                        0.013529320247471333,
                        -0.0027400499675422907,
                        -0.005117619875818491,
                        1
                    ],
                    [
                        7,
                        5.830429827824446e-8,
                        4.102600037469983e-9,
                        -1,
                        0,
                        -9.860761315262648e-32,
                        1,
                        4.102600037469983e-9,
                        0,
                        1,
                        -2.3919921909863783e-16,
                        5.830429827824446e-8,
                        0,
                        -0.007224829867482185,
                        -0.001113350037485361,
                        -0.005117619875818491,
                        1
                    ],
                    [
                        7,
                        5.260566737774752e-8,
                        8.692819619682268e-8,
                        -1,
                        0,
                        0.9997029900550842,
                        0.024378500878810883,
                        5.470920072525587e-8,
                        0,
                        0.024378500878810883,
                        -0.9997029900550842,
                        -8.561990227917704e-8,
                        0,
                        -0.028023039922118187,
                        -0.01648310013115406,
                        -2.668369969427431e-9,
                        1
                    ],
                    [
                        7,
                        6.893350246173213e-8,
                        7.464610263241411e-8,
                        -1,
                        0,
                        0.9843689799308777,
                        -0.17612099647521973,
                        5.4709207830683226e-8,
                        0,
                        -0.17612099647521973,
                        -0.9843689799308777,
                        -8.561986675204025e-8,
                        0,
                        -0.028065010905265808,
                        -0.010543400421738625,
                        -2.4951696264707834e-9,
                        1
                    ],
                    [
                        7,
                        7.801131829410224e-8,
                        6.5100692836495e-8,
                        -1,
                        0,
                        0.953311026096344,
                        -0.30199098587036133,
                        5.470920427796955e-8,
                        0,
                        -0.30199098587036133,
                        -0.953311026096344,
                        -8.561988806832233e-8,
                        0,
                        -0.02638522908091545,
                        -0.006823949981480837,
                        -2.294319845219661e-9,
                        1
                    ],
                    [
                        7,
                        4.3289900553133975e-9,
                        -1.3967099476985823e-8,
                        1,
                        0,
                        0.9991779923439026,
                        -0.04053809866309166,
                        -4.891631100178984e-9,
                        0,
                        0.04053809866309166,
                        0.9991779923439026,
                        1.378012903785475e-8,
                        0,
                        -0.027377750724554062,
                        -0.009848039597272873,
                        4.0910708848374e-11,
                        1
                    ],
                    [
                        7,
                        2.6738802283432506e-9,
                        -1.4375999946025786e-8,
                        1,
                        0,
                        0.987667977809906,
                        -0.1565610021352768,
                        -4.891629767911354e-9,
                        0,
                        0.1565610021352768,
                        0.987667977809906,
                        1.378009795161006e-8,
                        0,
                        -0.02249862067401409,
                        -0.006594500038772821,
                        1.1426301571582087e-10,
                        1
                    ],
                    [
                        7,
                        2.6738802283432506e-9,
                        -1.4375999946025786e-8,
                        1,
                        0,
                        0.987667977809906,
                        -0.1565610021352768,
                        -4.891629767911354e-9,
                        0,
                        0.1565610021352768,
                        0.987667977809906,
                        1.378009795161006e-8,
                        0,
                        -0.016659319400787354,
                        -0.006594500038772821,
                        1.432440138726676e-10,
                        1
                    ],
                    [
                        7,
                        1.0071133260680654e-7,
                        1.345690225917906e-8,
                        -1,
                        0,
                        0.6453080177307129,
                        -0.7639229893684387,
                        5.470975139587608e-8,
                        0,
                        -0.7639229893684387,
                        -0.6453080177307129,
                        -8.56194901643903e-8,
                        0,
                        -0.019863199442625046,
                        0.007571079768240452,
                        -1.7649225414473335e-9,
                        1
                    ],
                    [
                        7,
                        9.499377284782895e-8,
                        3.6056221119906695e-8,
                        -1,
                        0,
                        0.8024290204048157,
                        -0.5967479944229126,
                        5.470925401596105e-8,
                        0,
                        -0.5967479944229126,
                        -0.8024290204048157,
                        -8.56198596466129e-8,
                        0,
                        -0.023963989689946175,
                        0.0021665298845618963,
                        -2.0250299215263112e-9,
                        1
                    ],
                    [
                        7,
                        1.0153414109481673e-7,
                        3.832492989630509e-9,
                        -1,
                        0,
                        0.5698469877243042,
                        -0.8217509984970093,
                        5.470955599662375e-8,
                        0,
                        -0.8217509984970093,
                        -0.5698469877243042,
                        -8.561968911635631e-8,
                        0,
                        -0.015836570411920547,
                        0.009423140436410904,
                        -1.4836117889771572e-9,
                        1
                    ],
                    [
                        7,
                        2.1572599706587425e-8,
                        2.2469599514352012e-8,
                        -1,
                        0,
                        1.9721522630525295e-31,
                        1,
                        2.2469599514352012e-8,
                        0,
                        1,
                        -4.847276801373966e-16,
                        2.1572599706587425e-8,
                        0,
                        0.006784679833799601,
                        -0.0018823499558493495,
                        -0.005224830005317926,
                        1
                    ],
                    [
                        7,
                        -0.2315392792224884,
                        -0.021494265645742416,
                        -0.9725880026817322,
                        0,
                        -0.8208611607551575,
                        0.5408589839935303,
                        0.1834651529788971,
                        0,
                        0.5220896601676941,
                        0.8408390283584595,
                        -0.14287376403808594,
                        0,
                        0.013664758764207363,
                        -0.003299108939245343,
                        -0.007227241061627865,
                        1
                    ],
                    [
                        7,
                        -5.533141056446311e-9,
                        -2.040660262991878e-8,
                        -1,
                        0,
                        -0.9556249976158142,
                        0.29458698630332947,
                        -7.239116528445777e-10,
                        0,
                        0.29458698630332947,
                        0.9556249976158142,
                        -2.113103825251983e-8,
                        0,
                        0.00761938001960516,
                        0.005929090082645416,
                        -0.005224830005317926,
                        1
                    ],
                    [
                        7,
                        0.03108430653810501,
                        -0.23044800758361816,
                        -0.9725879430770874,
                        0,
                        -0.5063292980194092,
                        -0.842598021030426,
                        0.18346519768238068,
                        0,
                        -0.8617798089981079,
                        0.48674699664115906,
                        -0.1428741067647934,
                        0,
                        0.0029983532149344683,
                        0.007309860084205866,
                        -0.007227241527289152,
                        1
                    ],
                    [
                        7,
                        8.308242982479896e-9,
                        4.764870098483698e-8,
                        -1,
                        0,
                        0.9290609955787659,
                        0.36992698907852173,
                        2.534539689236226e-8,
                        0,
                        0.36992698907852173,
                        -0.9290609955787659,
                        -4.119509355859918e-8,
                        0,
                        -0.013529320247471333,
                        0.0027400499675422907,
                        0.005117619875818491,
                        1
                    ],
                    [
                        7,
                        4.716016377415144e-8,
                        6.104523464500744e-8,
                        -1,
                        0,
                        0.7000529766082764,
                        -0.7140910029411316,
                        -1.0577238640507858e-8,
                        0,
                        -0.7140910029411316,
                        -0.7000529766082764,
                        -7.641153842996573e-8,
                        0,
                        0.003039909992367029,
                        0.005852799862623215,
                        0.005117619875818491,
                        1
                    ],
                    [
                        7,
                        3.492889533163179e-8,
                        3.345740040572309e-8,
                        -1,
                        0,
                        0.9675740003585815,
                        -0.2525869905948639,
                        2.534539689236226e-8,
                        0,
                        -0.2525869905948639,
                        -0.9675740003585815,
                        -4.119511132216758e-8,
                        0,
                        -0.004324129782617092,
                        0.006582930218428373,
                        0.005117619875818491,
                        1
                    ],
                    [
                        7,
                        8.368900239474897e-8,
                        -2.883679961485086e-8,
                        -1,
                        0,
                        7.888609052210118e-31,
                        -1,
                        2.883679961485086e-8,
                        0,
                        -1,
                        -2.4133228628784057e-15,
                        -8.368900239474897e-8,
                        0,
                        0.007224829867482185,
                        0.001113350037485361,
                        0.005117619875818491,
                        1
                    ],
                    [
                        7,
                        -0.5131128430366516,
                        -3.635094003584527e-8,
                        -0.8583210110664368,
                        0,
                        0.8443281054496765,
                        -0.17983601987361908,
                        -0.5047469735145569,
                        0,
                        -0.15435706079006195,
                        -0.9836969971656799,
                        0.09227609634399414,
                        0,
                        -0.008941820822656155,
                        0.009505600668489933,
                        0.009528660215437412,
                        1
                    ],
                    [
                        7,
                        -1.462253162998195e-8,
                        1.9366344465587826e-13,
                        1,
                        0,
                        -0.334526002407074,
                        -0.9423869848251343,
                        -4.8914299277669215e-9,
                        0,
                        0.9423869848251343,
                        -0.334526002407074,
                        1.3780135255103687e-8,
                        0,
                        0.007730870041996241,
                        0.012238300405442715,
                        1.432416962821037e-10,
                        1
                    ],
                    [
                        7,
                        -1.462253162998195e-8,
                        1.9366344465587826e-13,
                        1,
                        0,
                        -0.334526002407074,
                        -0.9423869848251343,
                        -4.8914299277669215e-9,
                        0,
                        0.9423869848251343,
                        -0.334526002407074,
                        1.3780135255103687e-8,
                        0,
                        0.009796090424060822,
                        0.012238300405442715,
                        1.432416962821037e-10,
                        1
                    ],
                    [
                        7,
                        -0.5131128430366516,
                        -5.3502439811836666e-8,
                        -0.8583210110664368,
                        0,
                        -0.8443281054496765,
                        0.17983601987361908,
                        0.5047469735145569,
                        0,
                        0.15435704588890076,
                        0.9836969971656799,
                        -0.09227611124515533,
                        0,
                        0.00894182175397873,
                        -0.009505600668489933,
                        -0.009528660215437412,
                        1
                    ],
                    [
                        7,
                        -1.3905864904018017e-8,
                        -4.5197023901266675e-9,
                        1,
                        0,
                        -0.02671949937939644,
                        -0.9996430277824402,
                        -4.889646021410954e-9,
                        0,
                        0.9996430277824402,
                        -0.02671949937939644,
                        1.3780135255103687e-8,
                        0,
                        -0.005804460030049086,
                        0.012557229958474636,
                        1.4321936692152093e-10,
                        1
                    ],
                    [
                        7,
                        -1.4058552544327085e-8,
                        -4.0216971974871285e-9,
                        1,
                        0,
                        -0.06241219863295555,
                        -0.9980499744415283,
                        -4.8912847105953006e-9,
                        0,
                        0.9980499744415283,
                        -0.06241219863295555,
                        1.3780147689601563e-8,
                        0,
                        0.00009530899842502549,
                        0.012756559997797012,
                        1.4323967012508376e-10,
                        1
                    ],
                    [
                        7,
                        -1.462253162998195e-8,
                        1.9366344465587826e-13,
                        1,
                        0,
                        -0.334526002407074,
                        -0.9423869848251343,
                        -4.8914299277669215e-9,
                        0,
                        0.9423869848251343,
                        -0.334526002407074,
                        1.3780135255103687e-8,
                        0,
                        0.005665639881044626,
                        0.012238300405442715,
                        1.432416962821037e-10,
                        1
                    ],
                    [
                        7,
                        0.03108430653810501,
                        -0.23044800758361816,
                        -0.9725879430770874,
                        0,
                        0.5063292980194092,
                        0.842598021030426,
                        -0.18346519768238068,
                        0,
                        0.8617798089981079,
                        -0.48674699664115906,
                        0.1428741067647934,
                        0,
                        -0.0029983532149344683,
                        -0.007309860084205866,
                        0.007227241527289152,
                        1
                    ],
                    [
                        7,
                        1.860029996691992e-8,
                        -6.453130030337206e-9,
                        -1,
                        0,
                        9.266095767849739e-33,
                        -1,
                        6.453130030337206e-9,
                        0,
                        -1,
                        -1.2003015374943032e-16,
                        -1.860029996691992e-8,
                        0,
                        -0.006784679833799601,
                        0.0018823499558493495,
                        0.005224830005317926,
                        1
                    ],
                    [
                        7,
                        1.132568794304234e-8,
                        1.483430356330473e-8,
                        -1,
                        0,
                        0.9556249976158142,
                        -0.29458698630332947,
                        6.453113599036442e-9,
                        0,
                        -0.29458698630332947,
                        -0.9556249976158142,
                        -1.751241995862074e-8,
                        0,
                        -0.00761938001960516,
                        -0.005929090082645416,
                        0.005224830005317926,
                        1
                    ],
                    [
                        7,
                        -0.2315392792224884,
                        -0.021494265645742416,
                        -0.9725880026817322,
                        0,
                        0.8208611607551575,
                        -0.5408589839935303,
                        -0.1834651529788971,
                        0,
                        -0.5220896601676941,
                        -0.8408390283584595,
                        0.14287376403808594,
                        0,
                        -0.013664758764207363,
                        0.003299108939245343,
                        0.007227241061627865,
                        1
                    ],
                    [
                        7,
                        -7.189803419294094e-9,
                        -3.759199529440593e-8,
                        -1,
                        0,
                        -0.7000529766082764,
                        0.7140910029411316,
                        -2.1810858896742502e-8,
                        0,
                        0.7140910029411316,
                        0.7000529766082764,
                        -3.145055771369698e-8,
                        0,
                        -0.003039909992367029,
                        -0.005852799862623215,
                        -0.005117619875818491,
                        1
                    ],
                    [
                        7,
                        -3.004192727917854e-10,
                        -1.3483697713922993e-8,
                        -1,
                        0,
                        -0.9675740003585815,
                        0.2525869905948639,
                        -3.115129931785532e-9,
                        0,
                        0.2525869905948639,
                        0.9675740003585815,
                        -1.312236186379323e-8,
                        0,
                        0.004324129782617092,
                        -0.006582930218428373,
                        -0.005117619875818491,
                        1
                    ]
                ],
                8,
                8,
                8,
                8,
                8,
                8,
                8,
                8,
                8,
                8,
                8,
                8,
                8,
                8,
                8,
                8,
                8,
                8,
                8,
                8,
                8,
                8,
                8,
                8,
                8,
                8,
                8,
                8,
                8,
                8,
                8,
                8
            ]
        ]
    ],
    0,
    0,
    [],
    [],
    []
]
