[
    1,
    0,
    0,
    [
        [
            "cc.Skeleton",
            [
                "_name",
                "_hash",
                "_joints",
                "_bindposes"
            ],
            0,
            12
        ]
    ],
    [
        [
            0,
            0,
            1,
            2,
            3,
            4
        ]
    ],
    [
        [
            0,
            "Skin-4",
            3761838401,
            [
                "Root_M",
                "Root_M/Spine1_M",
                "Root_M/Spine1_M/Chest_M",
                "Root_M/Spine1_M/Chest_M/Neck_M",
                "Root_M/Spine1_M/Chest_M/Neck_M/Head_M",
                "Root_M/Spine1_M/Chest_M/Scapula_R",
                "Root_M/Spine1_M/Chest_M/Scapula_R/Shoulder_R",
                "Root_M/Spine1_M/Chest_M/Scapula_R/Shoulder_R/Elbow_R",
                "Root_M/Spine1_M/Chest_M/Scapula_R/Shoulder_R/Elbow_R/Wrist_R",
                "Root_M/Hip_R",
                "Root_M/Hip_R/Knee_R"
            ],
            [
                [
                    [
                        7,
                        -1.6073266766851061e-16,
                        -5.002625820273957e-16,
                        1,
                        0,
                        0.9995050430297852,
                        -0.031458914279937744,
                        1.4491539940461042e-16,
                        0,
                        0.031458914279937744,
                        0.9995050430297852,
                        5.050714527667544e-16,
                        0,
                        -0.019512146711349487,
                        0.0004364966880530119,
                        -3.2884277806782753e-18,
                        1
                    ],
                    [
                        7,
                        -1.6051606546202993e-16,
                        -4.955657313953114e-16,
                        1,
                        0,
                        0.9981581568717957,
                        -0.06066583842039108,
                        1.3015651204319428e-16,
                        0,
                        0.06066583842039108,
                        0.9981581568717957,
                        5.043908088540763e-16,
                        0,
                        -0.024823229759931564,
                        0.0011626967461779714,
                        -3.024364845781441e-18,
                        1
                    ],
                    [
                        7,
                        -1.6073587051184242e-16,
                        -5.003653906513687e-16,
                        1,
                        0,
                        0.9995249509811401,
                        -0.03081941418349743,
                        1.4523855570887774e-16,
                        0,
                        0.03081941418349743,
                        0.9995249509811401,
                        5.05081511283003e-16,
                        0,
                        -0.02732432447373867,
                        0.0003465543850325048,
                        -1.9691652799332707e-18,
                        1
                    ],
                    [
                        7,
                        5.751306066253416e-17,
                        -4.843061753670192e-16,
                        1,
                        0,
                        0.9392595887184143,
                        0.34320753812789917,
                        1.1219782537462701e-16,
                        0,
                        -0.34320753812789917,
                        0.9392595887184143,
                        4.746281357303692e-16,
                        0,
                        -0.02801189385354519,
                        -0.010852459818124771,
                        -9.365741732283693e-18,
                        1
                    ],
                    [
                        7,
                        -1.6081226229577292e-16,
                        -5.053215392444312e-16,
                        1,
                        0,
                        1,
                        -2.0489094865183688e-8,
                        1.6081224906088311e-16,
                        0,
                        2.0489094865183688e-8,
                        1,
                        5.053215392444312e-16,
                        0,
                        -0.03196112811565399,
                        0.00012439562124200165,
                        -9.574726432503377e-18,
                        1
                    ],
                    [
                        7,
                        -0.9999274015426636,
                        -0.0000014861826684864354,
                        -0.012051843106746674,
                        0,
                        -0.012051843106746674,
                        0.00012334794155322015,
                        0.9999273419380188,
                        0,
                        4.953271126595382e-10,
                        1,
                        -0.00012335690553300083,
                        0,
                        -0.002503913827240467,
                        0.00010892027785303071,
                        -0.028479700908064842,
                        1
                    ],
                    [
                        7,
                        -0.0927719995379448,
                        -0.02428782358765602,
                        -0.9953911304473877,
                        0,
                        -0.9907236695289612,
                        -0.09744593501091003,
                        0.0947146937251091,
                        0,
                        -0.09929723292589188,
                        0.9949443936347961,
                        -0.015022268518805504,
                        0,
                        0.027415143325924873,
                        0.00269489549100399,
                        -0.010212181136012077,
                        1
                    ],
                    [
                        7,
                        -0.09589303284883499,
                        -0.0010335920378565788,
                        -0.9953911304473877,
                        0,
                        -0.9847338199615479,
                        0.14604248106479645,
                        0.0947146937251091,
                        0,
                        0.14527148008346558,
                        0.9892777800559998,
                        -0.015022268518805504,
                        0,
                        0.02222844958305359,
                        -0.0027861015405505896,
                        -0.010212181136012077,
                        1
                    ],
                    [
                        7,
                        -0.07126504927873611,
                        0.008662938140332699,
                        -0.9974197745323181,
                        0,
                        -0.9864515066146851,
                        0.14752475917339325,
                        0.07176267355680466,
                        0,
                        0.14776578545570374,
                        0.9890204071998596,
                        -0.0019677907694131136,
                        0,
                        0.01708024926483631,
                        -0.0027297406923025846,
                        -0.009819445200264454,
                        1
                    ],
                    [
                        7,
                        -0.010730288922786713,
                        -0.0003671304730232805,
                        -0.9999423623085022,
                        0,
                        -0.9993575811386108,
                        -0.03419242799282074,
                        0.01073656789958477,
                        0,
                        -0.034194398671388626,
                        0.9994152188301086,
                        -2.2132606511404695e-11,
                        0,
                        0.01896691881120205,
                        0.0005232312832958996,
                        -0.0027990643866360188,
                        1
                    ],
                    [
                        7,
                        -0.010681620799005032,
                        -0.0010848328238353133,
                        -0.9999423623085022,
                        0,
                        -0.9948249459266663,
                        -0.10103510320186615,
                        0.01073656789958477,
                        0,
                        -0.10104092955589294,
                        0.9948822855949402,
                        -2.213251457106047e-11,
                        0,
                        0.01038399152457714,
                        0.0012213099980726838,
                        -0.0027990643866360188,
                        1
                    ]
                ],
                8,
                8,
                8,
                8,
                8,
                8,
                8,
                8,
                8,
                8,
                8
            ]
        ]
    ],
    0,
    0,
    [],
    [],
    []
]
