[
    1,
    0,
    0,
    [
        [
            "cc.Skeleton",
            [
                "_name",
                "_hash",
                "_joints",
                "_bindposes"
            ],
            0,
            12
        ]
    ],
    [
        [
            0,
            0,
            1,
            2,
            3,
            4
        ]
    ],
    [
        [
            0,
            "Skin-1",
            3437976317,
            [
                "Root_M/Tail0_M/Tail1_M/Tail2_M",
                "Root_M/Tail0_M/Tail1_M/Tail2_M/Tail3_M",
                "Root_M/Tail0_M/Tail1_M/Tail2_M/Tail3_M/Tail4_M",
                "Root_M/Tail0_M/Tail1_M/Tail2_M/Tail3_M/Tail4_M/Tail5_M",
                "Root_M/Tail0_M/Tail1_M/Tail2_M/Tail3_M/Tail4_M/Tail5_M/Tail6_M"
            ],
            [
                [
                    [
                        7,
                        1.214845202213155e-8,
                        8.138500540155746e-9,
                        -1,
                        0,
                        0.802428662776947,
                        -0.5967480540275574,
                        4.891632432446613e-9,
                        0,
                        -0.5967480540275574,
                        -0.802428662776947,
                        -1.3780130814211589e-8,
                        0,
                        -0.023963987827301025,
                        0.002166526624932885,
                        -1.0021428131778976e-10,
                        1
                    ],
                    [
                        7,
                        8.824719621713939e-9,
                        1.1659519572049248e-8,
                        -1,
                        0,
                        0.9533108472824097,
                        -0.3019908368587494,
                        4.891632432446613e-9,
                        0,
                        -0.3019908368587494,
                        -0.9533108472824097,
                        -1.3780130814211589e-8,
                        0,
                        -0.0263852309435606,
                        -0.00682395463809371,
                        -1.041348604569059e-10,
                        1
                    ],
                    [
                        7,
                        7.242136224050455e-9,
                        1.2703210039433088e-8,
                        -1,
                        0,
                        0.9843685626983643,
                        -0.17612075805664062,
                        4.891631988357403e-9,
                        0,
                        -0.17612075805664062,
                        -0.9843685626983643,
                        -1.3780130814211589e-8,
                        0,
                        -0.028065014630556107,
                        -0.010543400421738625,
                        -1.1071389638406259e-10,
                        1
                    ],
                    [
                        7,
                        4.554239652065917e-9,
                        1.3895285810860969e-8,
                        -1,
                        0,
                        0.9997028112411499,
                        0.024378489702939987,
                        4.891632432446613e-9,
                        0,
                        0.024378489702939987,
                        -0.9997028112411499,
                        -1.3780130814211589e-8,
                        0,
                        -0.028023043647408485,
                        -0.01648310199379921,
                        -1.180170128289859e-10,
                        1
                    ],
                    [
                        7,
                        4.554239652065917e-9,
                        1.3895285810860969e-8,
                        -1,
                        0,
                        0.9997028112411499,
                        0.024378489702939987,
                        4.891632432446613e-9,
                        0,
                        0.024378489702939987,
                        -0.9997028112411499,
                        -1.3780130814211589e-8,
                        0,
                        -0.031048893928527832,
                        -0.01648310199379921,
                        -1.277056793647091e-10,
                        1
                    ]
                ],
                8,
                8,
                8,
                8,
                8
            ]
        ]
    ],
    0,
    0,
    [],
    [],
    []
]
