[
    1,
    0,
    0,
    [
        [
            "cc.Skeleton",
            [
                "_name",
                "_hash",
                "_joints",
                "_bindposes"
            ],
            0,
            12
        ]
    ],
    [
        [
            0,
            0,
            1,
            2,
            3,
            4
        ]
    ],
    [
        [
            0,
            "Skin-2",
            4127795290,
            [
                "Root_M",
                "Root_M/Hip_R",
                "Root_M/Hip_R/Knee_R",
                "Root_M/RootPart1_M",
                "Root_M/RootPart1_M/RootPart2_M",
                "Root_M/RootPart1_M/RootPart2_M/Spine2_M",
                "Root_M/RootPart1_M/RootPart2_M/Spine2_M/Chest_M",
                "Root_M/RootPart1_M/RootPart2_M/Spine2_M/Chest_M/Neck_M",
                "Root_M/RootPart1_M/RootPart2_M/Spine2_M/Chest_M/Neck_M/NeckPart1_M",
                "Root_M/RootPart1_M/RootPart2_M/Spine2_M/Chest_M/Neck_M/NeckPart1_M/Head_M",
                "Root_M/RootPart1_M/RootPart2_M/Spine2_M/Chest_M/Scapula_R",
                "Root_M/RootPart1_M/RootPart2_M/Spine2_M/Chest_M/Scapula_R/Shoulder_R",
                "Root_M/RootPart1_M/RootPart2_M/Spine2_M/Chest_M/Scapula_L",
                "Root_M/RootPart1_M/RootPart2_M/Spine2_M/Chest_M/Scapula_L/Shoulder_L",
                "Root_M/Hip_L",
                "Root_M/Hip_L/Knee_L"
            ],
            [
                [
                    [
                        7,
                        -1.4622584032508712e-8,
                        8.187521053322554e-16,
                        1,
                        0,
                        -0.3345257341861725,
                        -0.9423866271972656,
                        -4.891630212000564e-9,
                        0,
                        0.9423866271972656,
                        -0.3345257341861725,
                        1.378012814967633e-8,
                        0,
                        0.009796089492738247,
                        0.01223829947412014,
                        1.4324413877275788e-10,
                        1
                    ],
                    [
                        7,
                        -0.2270183116197586,
                        0.002247854368761182,
                        -0.9738879203796387,
                        0,
                        -0.7128888368606567,
                        0.6809181571006775,
                        0.16774971783161163,
                        0,
                        0.663515031337738,
                        0.732356071472168,
                        -0.15297842025756836,
                        0,
                        0.012898298911750317,
                        -0.005797330755740404,
                        -0.00706168869510293,
                        1
                    ],
                    [
                        7,
                        0.02680450677871704,
                        -0.22544153034687042,
                        -0.9738879203796387,
                        0,
                        -0.5841534733772278,
                        -0.7941188216209412,
                        0.16774971783161163,
                        0,
                        -0.8112004995346069,
                        0.5644035935401917,
                        -0.15297842025756836,
                        0,
                        0.004929590970277786,
                        0.007101454772055149,
                        -0.00706168869510293,
                        1
                    ],
                    [
                        7,
                        -1.4622584032508712e-8,
                        8.187521053322554e-16,
                        1,
                        0,
                        -0.3345257341861725,
                        -0.9423866271972656,
                        -4.891630212000564e-9,
                        0,
                        0.9423866271972656,
                        -0.3345257341861725,
                        1.378012814967633e-8,
                        0,
                        0.0077308653853833675,
                        0.01223829947412014,
                        1.4324413877275788e-10,
                        1
                    ],
                    [
                        7,
                        -1.4622584032508712e-8,
                        8.187521053322554e-16,
                        1,
                        0,
                        -0.3345257341861725,
                        -0.9423866271972656,
                        -4.891630212000564e-9,
                        0,
                        0.9423866271972656,
                        -0.3345257341861725,
                        1.378012814967633e-8,
                        0,
                        0.005665640812367201,
                        0.01223829947412014,
                        1.4324413877275788e-10,
                        1
                    ],
                    [
                        7,
                        -1.4058560537932863e-8,
                        -4.0220435870708116e-9,
                        1,
                        0,
                        -0.06241222470998764,
                        -0.9980504512786865,
                        -4.891628879732934e-9,
                        0,
                        0.9980504512786865,
                        -0.06241222470998764,
                        1.378012814967633e-8,
                        0,
                        0.00009530926763545722,
                        0.012756561860442162,
                        1.4324412489497007e-10,
                        1
                    ],
                    [
                        7,
                        -1.3905910201117422e-8,
                        -4.521682139824179e-9,
                        1,
                        0,
                        -0.02671949565410614,
                        -0.9996429681777954,
                        -4.891626659286885e-9,
                        0,
                        0.9996429681777954,
                        -0.02671949565410614,
                        1.378012814967633e-8,
                        0,
                        -0.005804456304758787,
                        0.012557227164506912,
                        1.4324409713939446e-10,
                        1
                    ],
                    [
                        7,
                        2.673881782655485e-9,
                        -1.4376032808627315e-8,
                        1,
                        0,
                        0.9876683354377747,
                        -0.15656070411205292,
                        -4.891630212000564e-9,
                        0,
                        0.15656070411205292,
                        0.9876683354377747,
                        1.378012814967633e-8,
                        0,
                        -0.016659321263432503,
                        -0.006594500504434109,
                        1.4324415265054569e-10,
                        1
                    ],
                    [
                        7,
                        2.673881782655485e-9,
                        -1.4376032808627315e-8,
                        1,
                        0,
                        0.9876683354377747,
                        -0.15656070411205292,
                        -4.891630212000564e-9,
                        0,
                        0.15656070411205292,
                        0.9876683354377747,
                        1.378012814967633e-8,
                        0,
                        -0.022498616948723793,
                        -0.006594500504434109,
                        1.1426250917656589e-10,
                        1
                    ],
                    [
                        7,
                        4.328988278956558e-9,
                        -1.3967098588807403e-8,
                        1,
                        0,
                        0.9991779923439026,
                        -0.040538135915994644,
                        -4.891630212000564e-9,
                        0,
                        0.040538135915994644,
                        0.9991779923439026,
                        1.378012814967633e-8,
                        0,
                        -0.027377745136618614,
                        -0.009848035871982574,
                        4.091108354864481e-11,
                        1
                    ],
                    [
                        7,
                        -0.5131125450134277,
                        -5.8000400038338285e-9,
                        -0.8583213686943054,
                        0,
                        -0.8443278670310974,
                        0.1798357367515564,
                        0.5047470927238464,
                        0,
                        0.15435683727264404,
                        0.9836966395378113,
                        -0.09227596968412399,
                        0,
                        0.008941823616623878,
                        -0.009505602531135082,
                        -0.00952865555882454,
                        1
                    ],
                    [
                        7,
                        7.749620500874244e-9,
                        -1.1038286729103675e-8,
                        -1,
                        0,
                        -0.9290225505828857,
                        -0.37002313137054443,
                        -3.115150359889185e-9,
                        0,
                        -0.37002313137054443,
                        0.9290225505828857,
                        -1.3122355646544293e-8,
                        0,
                        0.013529598712921143,
                        -0.0027386487927287817,
                        -0.005117618944495916,
                        1
                    ],
                    [
                        7,
                        -0.513112485408783,
                        1.267577598440539e-8,
                        -0.8583213686943054,
                        0,
                        0.8443278670310974,
                        -0.1798357218503952,
                        -0.5047470331192017,
                        0,
                        -0.15435685217380524,
                        -0.9836966395378113,
                        0.0922759473323822,
                        0,
                        -0.008941823616623878,
                        0.009505602531135082,
                        0.00952865555882454,
                        1
                    ],
                    [
                        7,
                        5.493438148818086e-9,
                        4.893672667094506e-8,
                        -1,
                        0,
                        0.9061654210090637,
                        0.42292341589927673,
                        2.56744510096496e-8,
                        0,
                        0.42292341589927673,
                        -0.9061654210090637,
                        -4.2021468971142895e-8,
                        0,
                        -0.01366488914936781,
                        0.001954752951860428,
                        0.005117618944495916,
                        1
                    ],
                    [
                        7,
                        -0.23315705358982086,
                        -0.024370700120925903,
                        -0.9721336364746094,
                        0,
                        0.8380052447319031,
                        -0.5121989846229553,
                        -0.1881471574306488,
                        0,
                        -0.4933406114578247,
                        -0.8585209846496582,
                        0.1398455798625946,
                        0,
                        -0.013748983852565289,
                        0.0028044572100043297,
                        0.007276198826730251,
                        1
                    ],
                    [
                        7,
                        0.0325925350189209,
                        -0.23215052485466003,
                        -0.9721336364746094,
                        0,
                        0.4822739362716675,
                        0.855577290058136,
                        -0.1881471574306488,
                        0,
                        0.8754139542579651,
                        -0.46270254254341125,
                        0.1398455798625946,
                        0,
                        -0.00254610413685441,
                        -0.007357908878475428,
                        0.007276198826730251,
                        1
                    ]
                ],
                8,
                8,
                8,
                8,
                8,
                8,
                8,
                8,
                8,
                8,
                8,
                8,
                8,
                8,
                8,
                8
            ]
        ]
    ],
    0,
    0,
    [],
    [],
    []
]
