[
    1,
    0,
    0,
    [
        [
            "cc.Skeleton",
            [
                "_name",
                "_hash",
                "_joints",
                "_bindposes"
            ],
            0,
            12
        ]
    ],
    [
        [
            0,
            0,
            1,
            2,
            3,
            4
        ]
    ],
    [
        [
            0,
            "Skin-0",
            2187550975,
            [
                "Root_M/Hip_L/Knee_L/Ankle_L/Toes1_L",
                "Root_M/Hip_L/Knee_L/Ankle_L",
                "Root_M/Tail0_M",
                "Root_M/Tail0_M/Tail1_M",
                "Root_M",
                "Root_M/Tail0_M/Tail1_M/Tail2_M/Tail3_M/Tail4_M/Tail5_M",
                "Root_M/Tail0_M/Tail1_M/Tail2_M/Tail3_M",
                "Root_M/Tail0_M/Tail1_M/Tail2_M/Tail3_M/Tail4_M",
                "Root_M/Tail0_M/Tail1_M/Tail2_M",
                "Root_M/Hip_R",
                "Root_M/Hip_R/Knee_R/Ankle_R/Toes1_R",
                "Root_M/Hip_R/Knee_R/Ankle_R",
                "Root_M/Hip_R/Knee_R",
                "Root_M/RootPart1_M/RootPart2_M/Spine2_M/Chest_M",
                "Root_M/RootPart1_M/RootPart2_M/Spine2_M/Chest_M/Neck_M/Neck1_M/Head_M/HeadEnd_M/joint1_R",
                "Root_M/RootPart1_M",
                "Root_M/RootPart1_M/RootPart2_M/Spine2_M/Chest_M/Neck_M",
                "Root_M/RootPart1_M/RootPart2_M/Spine2_M/Chest_M/Neck_M/Neck1_M",
                "Root_M/RootPart1_M/RootPart2_M",
                "Root_M/RootPart1_M/RootPart2_M/Spine2_M/Chest_M/Neck_M/Neck1_M/Head_M",
                "Root_M/RootPart1_M/RootPart2_M/Spine2_M",
                "Root_M/RootPart1_M/RootPart2_M/Spine2_M/Chest_M/Neck_M/Neck1_M/Head_M/HeadEnd_M",
                "Root_M/RootPart1_M/RootPart2_M/Spine2_M/Chest_M/Neck_M/Neck1_M/Head_M/HeadEnd_M/joint1_R/joint2_R",
                "Root_M/RootPart1_M/RootPart2_M/Spine2_M/Chest_M/Neck_M/Neck1_M/Head_M/HeadEnd_M/joint1_L/joint2_L",
                "Root_M/RootPart1_M/RootPart2_M/Spine2_M/Chest_M/Neck_M/Neck1_M/Head_M/HeadEnd_M/joint1_R/joint2_R/joint3_R",
                "Root_M/RootPart1_M/RootPart2_M/Spine2_M/Chest_M/Neck_M/Neck1_M/Head_M/HeadEnd_M/joint1_L",
                "Root_M/RootPart1_M/RootPart2_M/Spine2_M/Chest_M/Neck_M/Neck1_M/Head_M/HeadEnd_M/joint1_L/joint2_L/joint3_L",
                "Root_M/RootPart1_M/RootPart2_M/Spine2_M/Chest_M/Scapula_L/Shoulder_L",
                "Root_M/RootPart1_M/RootPart2_M/Spine2_M/Chest_M/Scapula_L",
                "Root_M/RootPart1_M/RootPart2_M/Spine2_M/Chest_M/Scapula_R",
                "Root_M/RootPart1_M/RootPart2_M/Spine2_M/Chest_M/Scapula_R/Shoulder_R",
                "Root_M/RootPart1_M/RootPart2_M/Spine2_M/Chest_M/Scapula_R/Shoulder_R/Elbow_R",
                "Root_M/RootPart1_M/RootPart2_M/Spine2_M/Chest_M/Scapula_R/Shoulder_R/Elbow_R/Wrist_R",
                "Root_M/RootPart1_M/RootPart2_M/Spine2_M/Chest_M/Scapula_R/Shoulder_R/Elbow_R/Wrist_R/Fingers1_R",
                "Root_M/RootPart1_M/RootPart2_M/Spine2_M/Chest_M/Scapula_L/Shoulder_L/Elbow_L",
                "Root_M/RootPart1_M/RootPart2_M/Spine2_M/Chest_M/Scapula_L/Shoulder_L/Elbow_L/Wrist_L",
                "Root_M/Hip_L",
                "Root_M/Hip_L/Knee_L",
                "Root_M/RootPart1_M/RootPart2_M/Spine2_M/Chest_M/Scapula_L/Shoulder_L/Elbow_L/Wrist_L/Fingers1_L"
            ],
            [
                [
                    [
                        7,
                        4.6345800086555755e-8,
                        -2.2414699429873508e-8,
                        -1,
                        0,
                        2.4108507514602e-31,
                        -1,
                        2.2414699429873508e-8,
                        0,
                        -1,
                        -1.0388271468966836e-15,
                        -4.6345800086555755e-8,
                        0,
                        -0.006856350228190422,
                        0.0019572998862713575,
                        0.007113240193575621,
                        1
                    ],
                    [
                        7,
                        2.114216890447551e-8,
                        -7.53703055522692e-9,
                        -1,
                        0,
                        0.958217978477478,
                        -0.28603801131248474,
                        2.241469587715983e-8,
                        0,
                        -0.28603801131248474,
                        -0.958217978477478,
                        1.1746553729707898e-9,
                        0,
                        -0.007794030010700226,
                        -0.006010020151734352,
                        0.007113240193575621,
                        1
                    ],
                    [
                        7,
                        1.3274420496145467e-7,
                        -4.796363484160793e-8,
                        -1,
                        0,
                        0.1653980016708374,
                        -0.9862269759178162,
                        6.925864681761595e-8,
                        0,
                        -0.9862269759178162,
                        -0.1653980016708374,
                        -1.2298281149014656e-7,
                        0,
                        -0.011252240277826786,
                        0.01931001991033554,
                        -1.6147123638177163e-9,
                        1
                    ],
                    [
                        7,
                        1.3835776258019905e-7,
                        -2.7901652543960154e-8,
                        -1,
                        0,
                        0.30875301361083984,
                        -0.9511420130729675,
                        6.925684203906712e-8,
                        0,
                        -0.9511420130729675,
                        -0.30875301361083984,
                        -1.2298320939407859e-7,
                        0,
                        -0.017837999388575554,
                        0.01686828024685383,
                        -1.6146782799708603e-9,
                        1
                    ],
                    [
                        7,
                        -4.6406661624587286e-8,
                        7.571735935723439e-14,
                        1,
                        0,
                        -0.4549970030784607,
                        -0.8904929757118225,
                        -2.1114823667289784e-8,
                        0,
                        0.8904929757118225,
                        -0.4549970030784607,
                        4.132483866214898e-8,
                        0,
                        0.011489469558000565,
                        0.011845650151371956,
                        5.331869945557344e-10,
                        1
                    ],
                    [
                        7,
                        2.9192234407560136e-8,
                        1.3809101062634e-7,
                        -1,
                        0,
                        0.9539819955825806,
                        0.2998639941215515,
                        6.92573820515463e-8,
                        0,
                        0.2998639941215515,
                        -0.9539819955825806,
                        -1.2298262674903526e-7,
                        0,
                        -0.023494549095630646,
                        -0.027122389525175095,
                        -1.6146795012161874e-9,
                        1
                    ],
                    [
                        7,
                        1.0152106000305139e-7,
                        9.805518175198813e-8,
                        -1,
                        0,
                        0.9582780003547668,
                        -0.2858380079269409,
                        6.925749573838402e-8,
                        0,
                        -0.2858380079269409,
                        -0.9582780003547668,
                        -1.2298268359245412e-7,
                        0,
                        -0.02932317927479744,
                        -0.010152069851756096,
                        -1.6146867176658475e-9,
                        1
                    ],
                    [
                        7,
                        6.562685683775271e-8,
                        1.2495800660872192e-7,
                        -1,
                        0,
                        0.9995710253715515,
                        0.02927990071475506,
                        6.925749573838402e-8,
                        0,
                        0.02927990071475506,
                        -0.9995710253715515,
                        -1.2298291096612957e-7,
                        0,
                        -0.027305280789732933,
                        -0.019715430215001106,
                        -1.6146881609557795e-9,
                        1
                    ],
                    [
                        7,
                        1.3773441764897143e-7,
                        3.0832236319611184e-8,
                        -1,
                        0,
                        0.6691820025444031,
                        -0.7430989742279053,
                        6.925794338030755e-8,
                        0,
                        -0.7430989742279053,
                        -0.6691820025444031,
                        -1.2298259832732583e-7,
                        0,
                        -0.026617560535669327,
                        0.006605519913136959,
                        -1.6146939341155075e-9,
                        1
                    ],
                    [
                        7,
                        -0.28501278162002563,
                        -0.0721120536327362,
                        -0.9558069705963135,
                        0,
                        -0.8705774545669556,
                        0.4367210268974304,
                        0.2266489416360855,
                        0,
                        0.40107712149620056,
                        0.896701991558075,
                        -0.18725013732910156,
                        0,
                        0.01299725379794836,
                        -0.0018506415653973818,
                        -0.009597769938409328,
                        1
                    ],
                    [
                        7,
                        1.2274900029751734e-7,
                        1.800020044129269e-8,
                        -1,
                        0,
                        3.944304526105059e-31,
                        1,
                        1.800020044129269e-8,
                        0,
                        1,
                        -2.2095066187365238e-15,
                        1.2274900029751734e-7,
                        0,
                        0.006856350228190422,
                        -0.0019572998862713575,
                        -0.007113240193575621,
                        1
                    ],
                    [
                        7,
                        -1.608969846245145e-8,
                        9.029399450355413e-9,
                        -1,
                        0,
                        -0.958217978477478,
                        0.28603801131248474,
                        1.800020044129269e-8,
                        0,
                        0.28603801131248474,
                        0.958217978477478,
                        4.0498702169600165e-9,
                        0,
                        0.007794030010700226,
                        0.006010020151734352,
                        -0.007113240193575621,
                        1
                    ],
                    [
                        7,
                        -3.4277817917427456e-7,
                        -0.293994277715683,
                        -0.9558068513870239,
                        0,
                        -0.6369192600250244,
                        -0.7368609309196472,
                        0.22664932906627655,
                        0,
                        -0.7709307670593262,
                        0.6087719202041626,
                        -0.1872502714395523,
                        0,
                        0.0036821316462010145,
                        0.007008227054029703,
                        -0.009597772732377052,
                        1
                    ],
                    [
                        7,
                        -1.7946069519325647e-8,
                        -8.571631404663549e-9,
                        1,
                        0,
                        -0.02671949937939644,
                        -0.9996430277824402,
                        -9.048080507056966e-9,
                        0,
                        0.9996430277824402,
                        -0.02671949937939644,
                        1.7710631183831538e-8,
                        0,
                        -0.00598130002617836,
                        0.012667849659919739,
                        2.284941819086228e-10,
                        1
                    ],
                    [
                        7,
                        -0.8114280104637146,
                        -0.5844529867172241,
                        1.7722099343586706e-8,
                        0,
                        -0.5844529867172241,
                        0.8114280104637146,
                        1.3953900257490659e-8,
                        0,
                        -2.2535607158147286e-8,
                        9.648504217807385e-10,
                        -1,
                        0,
                        0.017334969714283943,
                        -0.034258969128131866,
                        0.011357690207660198,
                        1
                    ],
                    [
                        7,
                        -1.9888542368562412e-8,
                        1.1201362239013704e-13,
                        1,
                        0,
                        -0.4549970030784607,
                        -0.8904929757118225,
                        -9.049126781235373e-9,
                        0,
                        0.8904929757118225,
                        -0.4549970030784607,
                        1.771065782918413e-8,
                        0,
                        0.009343559853732586,
                        0.011845650151371956,
                        2.285075045849183e-10,
                        1
                    ],
                    [
                        7,
                        6.048111345080542e-9,
                        -1.8946600732761e-8,
                        1,
                        0,
                        0.9866840243339539,
                        -0.162650004029274,
                        -9.049236027180996e-9,
                        0,
                        0.162650004029274,
                        0.9866840243339539,
                        1.7710576116769516e-8,
                        0,
                        -0.016569189727306366,
                        -0.006360020022839308,
                        2.2850915604166744e-10,
                        1
                    ],
                    [
                        7,
                        6.0989449046644495e-9,
                        -1.8930299106045823e-8,
                        1,
                        0,
                        0.9871169924736023,
                        -0.1600009948015213,
                        -9.049236027180996e-9,
                        0,
                        0.1600009948015213,
                        0.9871169924736023,
                        1.7710577893126356e-8,
                        0,
                        -0.022507499903440475,
                        -0.006420469842851162,
                        1.732251425634601e-10,
                        1
                    ],
                    [
                        7,
                        -1.9888542368562412e-8,
                        1.1201362239013704e-13,
                        1,
                        0,
                        -0.4549970030784607,
                        -0.8904929757118225,
                        -9.049126781235373e-9,
                        0,
                        0.8904929757118225,
                        -0.4549970030784607,
                        1.771065782918413e-8,
                        0,
                        0.007197650149464607,
                        0.011845650151371956,
                        2.285074907071305e-10,
                        1
                    ],
                    [
                        7,
                        8.414438923409762e-9,
                        -1.8020900327542222e-8,
                        1,
                        0,
                        0.9993690252304077,
                        -0.03552059829235077,
                        -9.049241356251514e-9,
                        0,
                        0.03552059829235077,
                        0.9993690252304077,
                        1.7710640065615735e-8,
                        0,
                        -0.02748177945613861,
                        -0.009928880259394646,
                        8.249899374757064e-11,
                        1
                    ],
                    [
                        7,
                        -1.824689377372124e-8,
                        -7.912238864093979e-9,
                        1,
                        0,
                        -0.06317219883203506,
                        -0.9980030059814453,
                        -9.049127669413792e-9,
                        0,
                        0.9980030059814453,
                        -0.06317219883203506,
                        1.7710608091192626e-8,
                        0,
                        -0.00007784069748595357,
                        0.012877630069851875,
                        2.2850742131819146e-10,
                        1
                    ],
                    [
                        7,
                        8.593405098622497e-9,
                        -1.793620008072594e-8,
                        1,
                        0,
                        0.9996730089187622,
                        -0.02557089924812317,
                        -9.049239579894675e-9,
                        0,
                        0.02557089924812317,
                        0.9996730089187622,
                        1.771059388033791e-8,
                        0,
                        -0.037970900535583496,
                        -0.01030736044049263,
                        8.24994586534622e-11,
                        1
                    ],
                    [
                        7,
                        -0.13206200301647186,
                        -0.9912409782409668,
                        1.7722099343586706e-8,
                        0,
                        -0.9912409782409668,
                        0.13206200301647186,
                        1.3953900257490659e-8,
                        0,
                        -1.6172092998090193e-8,
                        -1.572409225047977e-8,
                        -1,
                        0,
                        0.03308222070336342,
                        -0.014863490127027035,
                        0.011357690207660198,
                        1
                    ],
                    [
                        7,
                        -0.13206200301647186,
                        -0.9912409782409668,
                        2.1438499586690085e-10,
                        0,
                        0.9912409782409668,
                        -0.13206200301647186,
                        6.974306166735344e-27,
                        0,
                        2.831211133591527e-11,
                        2.1250720627641329e-10,
                        1,
                        0,
                        -0.03308222070336342,
                        0.014863490127027035,
                        -0.011357690207660198,
                        1
                    ],
                    [
                        7,
                        0.06424520164728165,
                        -0.9979339838027954,
                        1.7722099343586706e-8,
                        0,
                        -0.9979339838027954,
                        -0.06424520164728165,
                        1.3953900257490659e-8,
                        0,
                        -1.2786511405238343e-8,
                        -1.8581957306196273e-8,
                        -1,
                        0,
                        0.02905214950442314,
                        -0.009365269914269447,
                        0.011357690207660198,
                        1
                    ],
                    [
                        7,
                        -0.8114280104637146,
                        -0.5844529867172241,
                        2.1438499586690085e-10,
                        0,
                        0.5844529867172241,
                        -0.8114280104637146,
                        2.584941263120958e-26,
                        0,
                        1.7395798690422737e-10,
                        1.2529795256899234e-10,
                        1,
                        0,
                        -0.017334969714283943,
                        0.034258969128131866,
                        -0.011357690207660198,
                        1
                    ],
                    [
                        7,
                        0.06424520164728165,
                        -0.9979339838027954,
                        2.1438499586690085e-10,
                        0,
                        0.9979339838027954,
                        0.06424520164728165,
                        -1.6155860553718633e-26,
                        0,
                        -1.3773207400979981e-11,
                        2.1394208626901445e-10,
                        1,
                        0,
                        -0.02905214950442314,
                        0.009365269914269447,
                        -0.011357690207660198,
                        1
                    ],
                    [
                        7,
                        -8.327573630673157e-10,
                        6.497339199995622e-8,
                        -1,
                        0,
                        0.9823049902915955,
                        0.1872909963130951,
                        1.1350898887485528e-8,
                        0,
                        0.1872909963130951,
                        -0.9823049902915955,
                        -6.397959140258536e-8,
                        0,
                        -0.012889680452644825,
                        0.006326110102236271,
                        0.005131199955940247,
                        1
                    ],
                    [
                        7,
                        -0.4210436940193176,
                        -1.5859285440456006e-7,
                        -0.907039999961853,
                        0,
                        0.785767138004303,
                        -0.49952808022499084,
                        -0.36474892497062683,
                        0,
                        -0.4530920088291168,
                        -0.8662979602813721,
                        0.21032311022281647,
                        0,
                        -0.006271783262491226,
                        0.013207631185650826,
                        0.007025618571788073,
                        1
                    ],
                    [
                        7,
                        -0.4210436940193176,
                        -1.8341454222081666e-7,
                        -0.907039999961853,
                        0,
                        -0.7857671976089478,
                        0.49952808022499084,
                        0.36474892497062683,
                        0,
                        0.4530920088291168,
                        0.8662979602813721,
                        -0.21032312512397766,
                        0,
                        0.0062717837281525135,
                        -0.013207631185650826,
                        -0.007025618106126785,
                        1
                    ],
                    [
                        7,
                        6.264236240838272e-9,
                        -3.7391796325891846e-8,
                        -1,
                        0,
                        -0.9823049902915955,
                        -0.1872909963130951,
                        8.497555437081417e-10,
                        0,
                        -0.1872909963130951,
                        0.9823049902915955,
                        -3.790334446307497e-8,
                        0,
                        0.012889680452644825,
                        -0.006326119881123304,
                        -0.005131199955940247,
                        1
                    ],
                    [
                        7,
                        -1.3572601709199716e-8,
                        -3.540019832826147e-8,
                        -1,
                        0,
                        -0.9415130019187927,
                        0.33697599172592163,
                        8.497641479365825e-10,
                        0,
                        0.33697599172592163,
                        0.9415130019187927,
                        -3.790340485920751e-8,
                        0,
                        0.0031329200137406588,
                        -0.009185600094497204,
                        -0.005131199955940247,
                        1
                    ],
                    [
                        7,
                        -2.8833854415211135e-8,
                        -6.055605439314604e-8,
                        -1,
                        0,
                        -0.6661859750747681,
                        0.7457849979400635,
                        -2.595310810704632e-8,
                        0,
                        0.7457849979400635,
                        0.6661859750747681,
                        -6.184550471743933e-8,
                        0,
                        -0.005209490191191435,
                        -0.007623069919645786,
                        -0.005131199955940247,
                        1
                    ],
                    [
                        7,
                        9.832500325046567e-8,
                        -4.407460174604694e-9,
                        -1,
                        0,
                        0,
                        1,
                        -4.407460174604694e-9,
                        0,
                        1,
                        4.3336349633677743e-16,
                        9.832500325046567e-8,
                        0,
                        -0.011038689874112606,
                        -0.00036102801095694304,
                        -0.005131199955940247,
                        1
                    ],
                    [
                        7,
                        3.224661071499213e-8,
                        5.64126949598176e-8,
                        -1,
                        0,
                        0.9415130019187927,
                        -0.33697599172592163,
                        1.1350882012095553e-8,
                        0,
                        -0.33697599172592163,
                        -0.9415130019187927,
                        -6.397964824600422e-8,
                        0,
                        -0.0031329200137406588,
                        0.009185589849948883,
                        0.005131199955940247,
                        1
                    ],
                    [
                        7,
                        5.527683555328622e-8,
                        3.415707183762606e-8,
                        -1,
                        0,
                        0.6661859750747681,
                        -0.7457849979400635,
                        1.135083405046089e-8,
                        0,
                        -0.7457849979400635,
                        -0.6661859750747681,
                        -6.397965535143157e-8,
                        0,
                        0.005209490191191435,
                        0.007623069919645786,
                        0.005131199955940247,
                        1
                    ],
                    [
                        7,
                        -0.2850128412246704,
                        -0.0721120685338974,
                        -0.9558069705963135,
                        0,
                        0.8705770969390869,
                        -0.4367220103740692,
                        -0.22664883732795715,
                        0,
                        -0.40107786655426025,
                        -0.896701991558075,
                        0.18725034594535828,
                        0,
                        -0.012997251935303211,
                        0.0018506406340748072,
                        0.009597769007086754,
                        1
                    ],
                    [
                        7,
                        -3.4277817917427456e-7,
                        -0.2939944565296173,
                        -0.9558067917823792,
                        0,
                        0.6369192600250244,
                        0.7368608713150024,
                        -0.2266494780778885,
                        0,
                        0.7709307670593262,
                        -0.6087719202041626,
                        0.18725039064884186,
                        0,
                        -0.0036821304820477962,
                        -0.007008225191384554,
                        0.009597774595022202,
                        1
                    ],
                    [
                        7,
                        1.5028899724711664e-7,
                        -3.547690141658677e-8,
                        -1,
                        0,
                        2.3665827156630354e-30,
                        -1,
                        3.547690141658677e-8,
                        0,
                        -1,
                        -5.331787799895543e-15,
                        -1.5028899724711664e-7,
                        0,
                        0.011038689874112606,
                        0.00036102801095694304,
                        0.005131199955940247,
                        1
                    ]
                ],
                8,
                8,
                8,
                8,
                8,
                8,
                8,
                8,
                8,
                8,
                8,
                8,
                8,
                8,
                8,
                8,
                8,
                8,
                8,
                8,
                8,
                8,
                8,
                8,
                8,
                8,
                8,
                8,
                8,
                8,
                8,
                8,
                8,
                8,
                8,
                8,
                8,
                8,
                8
            ]
        ]
    ],
    0,
    0,
    [],
    [],
    []
]
