[
    1,
    0,
    0,
    [
        [
            "cc.Skeleton",
            [
                "_name",
                "_hash",
                "_joints",
                "_bindposes"
            ],
            0,
            12
        ]
    ],
    [
        [
            0,
            0,
            1,
            2,
            3,
            4
        ]
    ],
    [
        [
            0,
            "Skin-5",
            2311663973,
            [
                "Root_M",
                "Root_M/Spine1_M",
                "Root_M/Spine1_M/Chest_M",
                "Root_M/Spine1_M/Chest_M/Neck_M",
                "Root_M/Spine1_M/Chest_M/Neck_M/Head_M",
                "Root_M/Spine1_M/Chest_M/Scapula_R",
                "Root_M/Spine1_M/Chest_M/Scapula_R/Shoulder_R",
                "Root_M/Spine1_M/Chest_M/Scapula_R/Shoulder_R/Elbow_R",
                "Root_M/Spine1_M/Chest_M/Scapula_R/Shoulder_R/Elbow_R/Wrist_R",
                "Root_M/Spine1_M/Chest_M/Scapula_L",
                "Root_M/Spine1_M/Chest_M/Scapula_L/Shoulder_L",
                "Root_M/Spine1_M/Chest_M/Scapula_L/Shoulder_L/Elbow_L",
                "Root_M/Spine1_M/Chest_M/Scapula_L/Shoulder_L/Elbow_L/Wrist_L",
                "Root_M/Hip_R",
                "Root_M/Hip_R/Knee_R",
                "Root_M/Hip_R/Knee_R/Ankle_R",
                "Root_M/Hip_R/Knee_R/Ankle_R/Toes_R",
                "Root_M/Hip_L",
                "Root_M/Hip_L/Knee_L",
                "Root_M/Hip_L/Knee_L/Ankle_L",
                "Root_M/Hip_L/Knee_L/Ankle_L/Toes_L"
            ],
            [
                [
                    [
                        7,
                        -1.6073266766851061e-16,
                        -5.002625820273957e-16,
                        1,
                        0,
                        0.9995050430297852,
                        -0.031458914279937744,
                        1.4491539940461042e-16,
                        0,
                        0.031458914279937744,
                        0.9995050430297852,
                        5.050714527667544e-16,
                        0,
                        -0.019512146711349487,
                        0.0004364966880530119,
                        -3.2884277806782753e-18,
                        1
                    ],
                    [
                        7,
                        -1.6051606546202993e-16,
                        -4.955657313953114e-16,
                        1,
                        0,
                        0.9981581568717957,
                        -0.06066583842039108,
                        1.3015651204319428e-16,
                        0,
                        0.06066583842039108,
                        0.9981581568717957,
                        5.043908088540763e-16,
                        0,
                        -0.024823229759931564,
                        0.0011626967461779714,
                        -3.024364845781441e-18,
                        1
                    ],
                    [
                        7,
                        -1.6073587051184242e-16,
                        -5.003653906513687e-16,
                        1,
                        0,
                        0.9995249509811401,
                        -0.03081941418349743,
                        1.4523855570887774e-16,
                        0,
                        0.03081941418349743,
                        0.9995249509811401,
                        5.05081511283003e-16,
                        0,
                        -0.02732432447373867,
                        0.0003465543850325048,
                        -1.9691652799332707e-18,
                        1
                    ],
                    [
                        7,
                        5.751306066253416e-17,
                        -4.843061753670192e-16,
                        1,
                        0,
                        0.9392595887184143,
                        0.34320753812789917,
                        1.1219782537462701e-16,
                        0,
                        -0.34320753812789917,
                        0.9392595887184143,
                        4.746281357303692e-16,
                        0,
                        -0.02801189385354519,
                        -0.010852459818124771,
                        -9.365741732283693e-18,
                        1
                    ],
                    [
                        7,
                        -1.6081226229577292e-16,
                        -5.053215392444312e-16,
                        1,
                        0,
                        1,
                        -2.0489094865183688e-8,
                        1.6081224906088311e-16,
                        0,
                        2.0489094865183688e-8,
                        1,
                        5.053215392444312e-16,
                        0,
                        -0.03196112811565399,
                        0.00012439562124200165,
                        -9.574726432503377e-18,
                        1
                    ],
                    [
                        7,
                        -0.9999274015426636,
                        -0.0000014861826684864354,
                        -0.012051843106746674,
                        0,
                        -0.012051843106746674,
                        0.00012334794155322015,
                        0.9999273419380188,
                        0,
                        4.953271126595382e-10,
                        1,
                        -0.00012335690553300083,
                        0,
                        -0.0026569380424916744,
                        0.00010892005229834467,
                        -0.02848154492676258,
                        1
                    ],
                    [
                        7,
                        -0.13757513463497162,
                        -0.002986916108056903,
                        -0.9904868006706238,
                        0,
                        -0.9848853349685669,
                        -0.10582999140024185,
                        0.13711625337600708,
                        0,
                        -0.10523276776075363,
                        0.9943797588348389,
                        0.011617805808782578,
                        0,
                        0.027152078226208687,
                        0.0031008601654320955,
                        -0.009787609800696373,
                        1
                    ],
                    [
                        7,
                        -0.13418284058570862,
                        0.03050908073782921,
                        -0.9904868006706238,
                        0,
                        -0.9143990874290466,
                        0.3814191222190857,
                        0.13562361896038055,
                        0,
                        0.38192838430404663,
                        0.9238986372947693,
                        -0.023282427340745926,
                        0,
                        0.020675957202911377,
                        -0.008082355372607708,
                        -0.009775741025805473,
                        1
                    ],
                    [
                        7,
                        -0.1095951646566391,
                        0.04025038704276085,
                        -0.9931610226631165,
                        0,
                        -0.916633665561676,
                        0.38233044743537903,
                        0.11664529889822006,
                        0,
                        0.38441070914268494,
                        0.9231485724449158,
                        -0.005006704945117235,
                        0,
                        0.015505842864513397,
                        -0.00802612118422985,
                        -0.009472150355577469,
                        1
                    ],
                    [
                        7,
                        -0.9999274015426636,
                        -0.000001486659016336489,
                        -0.012051837518811226,
                        0,
                        0.0120518384501338,
                        -0.00012334641360212117,
                        -0.9999273419380188,
                        0,
                        -9.146007654567759e-16,
                        -1,
                        0.00012335537758190185,
                        0,
                        0.0026569380424916744,
                        -0.00010892009595409036,
                        0.02848154492676258,
                        1
                    ],
                    [
                        7,
                        -0.1382497102022171,
                        -0.0029869170393794775,
                        -0.9903929233551025,
                        0,
                        0.9847917556762695,
                        0.10582999885082245,
                        -0.13778701424598694,
                        0,
                        0.10522483289241791,
                        -0.9943797588348389,
                        -0.011689475737512112,
                        0,
                        -0.027123883366584778,
                        -0.0030986019410192966,
                        0.009807745926082134,
                        1
                    ],
                    [
                        7,
                        -0.13483723998069763,
                        0.030672883614897728,
                        -0.9903929233551025,
                        0,
                        0.9810152649879456,
                        -0.13646891713142395,
                        -0.13778701424598694,
                        0,
                        -0.1393841803073883,
                        -0.9901694059371948,
                        -0.011689475737512112,
                        0,
                        -0.02204393781721592,
                        0.0023237529676407576,
                        0.009807745926082134,
                        1
                    ],
                    [
                        7,
                        -0.11025131493806839,
                        0.04041488096117973,
                        -0.9930816888809204,
                        0,
                        0.9838196039199829,
                        -0.13753312826156616,
                        -0.11482014507055283,
                        0,
                        -0.14122207462787628,
                        -0.9896723031997681,
                        -0.024597741663455963,
                        0,
                        -0.016886811703443527,
                        0.0022708119358867407,
                        0.009415285661816597,
                        1
                    ],
                    [
                        7,
                        -0.010730288922786713,
                        -0.0003671304730232805,
                        -0.9999423623085022,
                        0,
                        -0.9993575811386108,
                        -0.03419242799282074,
                        0.01073656789958477,
                        0,
                        -0.034194398671388626,
                        0.9994152188301086,
                        -2.2132606511404695e-11,
                        0,
                        0.01896691881120205,
                        0.0005232312832958996,
                        -0.0027990643866360188,
                        1
                    ],
                    [
                        7,
                        -0.010681620799005032,
                        -0.0010848328238353133,
                        -0.9999423623085022,
                        0,
                        -0.9948249459266663,
                        -0.10103510320186615,
                        0.01073656789958477,
                        0,
                        -0.10104092955589294,
                        0.9948822855949402,
                        -2.213251457106047e-11,
                        0,
                        0.01038399152457714,
                        0.0012213099980726838,
                        -0.0027990643866360188,
                        1
                    ],
                    [
                        7,
                        -1.8117590760979851e-10,
                        -0.0015915741678327322,
                        -0.9999987483024597,
                        0,
                        -1,
                        -7.552468872518148e-8,
                        3.013794214190568e-10,
                        0,
                        -7.552507241825879e-8,
                        0.9999987483024597,
                        -0.0015915741678327322,
                        0,
                        0.002713743830099702,
                        0.0009506093338131905,
                        -0.0027716041076928377,
                        1
                    ],
                    [
                        7,
                        7.942823003759258e-7,
                        6.541559827155652e-8,
                        -1,
                        0,
                        -0.08185373991727829,
                        0.9966443777084351,
                        1.8111570576628822e-10,
                        0,
                        0.9966443777084351,
                        0.08185373991727829,
                        7.96971448835393e-7,
                        0,
                        -0.0015626671956852078,
                        -0.0007490511634387076,
                        -0.0027741852682083845,
                        1
                    ],
                    [
                        7,
                        -0.010730288922786713,
                        -0.0003671304730232805,
                        -0.9999423623085022,
                        0,
                        0.9993575811386108,
                        0.03419242799282074,
                        -0.01073656789958477,
                        0,
                        0.034194398671388626,
                        -0.9994152188301086,
                        2.2804104762017604e-15,
                        0,
                        -0.01896691881120205,
                        -0.0005232313415035605,
                        0.0027990643866360188,
                        1
                    ],
                    [
                        7,
                        -0.010681620799005032,
                        -0.0010848328238353133,
                        -0.9999423623085022,
                        0,
                        0.9948249459266663,
                        0.10103511065244675,
                        -0.01073656789958477,
                        0,
                        0.10104092955589294,
                        -0.9948822855949402,
                        2.2699371255671978e-15,
                        0,
                        -0.01038399152457714,
                        -0.0012213099980726838,
                        0.0027990643866360188,
                        1
                    ],
                    [
                        7,
                        -1.8150986269560576e-10,
                        -0.0015915741678327322,
                        -0.9999987483024597,
                        0,
                        1,
                        7.69743095929698e-8,
                        -3.0402055872791323e-10,
                        0,
                        7.697469328604711e-8,
                        -0.9999987483024597,
                        0.0015915741678327322,
                        0,
                        -0.002713743830099702,
                        -0.0009506093920208514,
                        0.0027716041076928377,
                        1
                    ],
                    [
                        7,
                        -7.873639447097958e-7,
                        -6.519635320501038e-8,
                        -1,
                        0,
                        0.08185373991727829,
                        -0.9966443777084351,
                        5.288988691454222e-10,
                        0,
                        -0.9966443777084351,
                        -0.08185373991727829,
                        7.900583796072169e-7,
                        0,
                        0.0015626716194674373,
                        0.0007490515126846731,
                        0.0027741827070713043,
                        1
                    ]
                ],
                8,
                8,
                8,
                8,
                8,
                8,
                8,
                8,
                8,
                8,
                8,
                8,
                8,
                8,
                8,
                8,
                8,
                8,
                8,
                8,
                8
            ]
        ]
    ],
    0,
    0,
    [],
    [],
    []
]
